550 345
184 447
449 473
236 420
196 599
520 301
341 458
312 76
409 545
356 72
527 464
187 633
406 105
477 102
260 353
349 199
234 607
385 272
457 486
428 143
48 207
50 251
162 269
535 190
229 521
494 510
464 364
330 229
97 519
288 477
245 169
548 226
313 62
219 481
74 114
281 574
553 524
389 321
383 294
114 292
201 594
368 446
293 514
219 582
528 155
559 106
130 144
134 272
463 99
360 551
259 587
376 465
204 439
203 502
374 465
510 148
195 491
225 109
240 231
334 128
462 192
148 564
555 211
319 217
243 540
386 249
400 416
327 234
282 460
547 164
463 125
203 500
211 512
91 443
163 490
454 267
230 496
403 399
363 525
580 110
432 45
213 421
363 423
510 267
511 236
156 561
553 143
527 405
417 262
116 563
530 161
60 125
548 208
262 649
544 476
118 621
373 257
361 102
467 42
142 579
