262 247
99 245
518 135
375 189
439 416
474 37
433 75
245 236
476 177
192 618
148 170
220 627
430 169
357 485
151 433
388 250
305 538
78 277
418 51
140 622
566 103
228 632
446 51
465 253
227 578
133 168
348 168
336 95
426 50
436 95
521 141
385 200
433 486
467 132
110 258
129 538
419 352
476 451
82 288
351 444
484 491
141 660
113 398
82 458
94 608
445 373
192 486
533 497
227 517
386 472
144 483
137 233
302 173
368 180
431 383
298 576
402 163
419 434
107 414
120 439
139 518
107 186
130 405
233 574
382 414
520 315
256 630
80 302
407 116
365 465
110 181
416 67
489 182
301 143
258 648
94 214
476 86
533 446
144 512
99 229
215 552
66 295
551 114
282 233
570 410
462 30
303 494
561 506
380 325
231 527
595 143
130 662
101 399
337 563
377 34
244 588
502 336
17 316
449 349
263 649
