368 530
466 75
158 493
576 219
215 237
401 441
440 77
243 600
534 413
394 133
58 268
140 621
56 404
171 441
273 368
302 551
55 154
176 653
395 137
396 173
387 491
272 218
221 488
336 125
406 399
260 267
168 656
132 142
120 612
236 576
578 445
282 420
359 413
204 481
332 126
472 115
454 107
553 177
84 463
339 439
312 503
429 23
278 419
434 369
561 382
57 131
506 529
159 477
258 315
65 465
58 161
383 215
139 271
230 162
281 424
268 606
556 184
430 94
141 166
512 548
432 38
433 215
461 44
328 564
385 267
414 451
164 530
78 100
540 96
130 395
397 170
129 537
288 450
525 360
68 435
479 234
530 225
222 648
498 526
150 255
480 459
170 444
284 297
33 463
406 289
312 538
118 203
201 584
158 601
232 262
596 251
73 205
225 427
228 513
460 469
341 392
193 498
413 145
360 83
235 472
