378 411
135 558
378 317
586 212
536 95
336 134
553 370
303 39
223 637
158 517
222 627
377 166
280 439
554 221
535 560
196 427
131 105
426 447
546 197
360 116
521 97
69 207
173 425
377 349
399 503
372 368
343 413
316 548
532 494
214 239
221 248
125 533
196 599
332 499
577 251
511 287
194 595
145 198
60 130
273 227
365 481
168 634
152 508
346 185
407 365
446 499
476 239
154 498
102 237
512 134
464 527
212 615
537 480
603 236
429 85
525 370
65 138
259 261
520 523
108 298
453 61
506 338
312 252
505 222
331 164
416 438
469 556
428 276
255 648
450 466
357 259
120 137
111 455
427 382
364 391
517 548
130 180
308 112
116 209
398 109
366 424
610 243
549 516
306 63
215 479
357 299
263 367
96 233
146 548
406 420
432 432
220 609
459 238
90 271
94 421
332 96
450 272
127 398
222 641
299 273
