542 345
436 87
554 110
244 568
196 579
561 334
116 227
377 45
164 422
176 638
336 506
545 440
188 250
33 487
353 105
137 662
371 557
368 133
80 295
53 425
91 243
114 528
132 608
158 607
145 492
361 235
556 226
438 143
484 366
382 334
83 187
487 525
387 316
303 235
358 415
182 222
333 435
66 241
140 520
242 280
529 409
561 87
449 485
230 536
500 221
545 224
437 414
134 290
374 212
137 500
93 113
226 224
82 203
132 146
458 482
192 232
231 510
542 470
376 179
550 420
582 229
436 238
360 449
547 225
598 164
293 464
391 171
124 633
584 250
374 381
77 471
155 621
220 541
168 550
417 490
478 109
560 335
94 455
368 418
430 114
240 148
91 603
525 315
513 287
543 558
522 179
399 64
251 637
204 547
516 161
191 257
457 361
476 541
122 398
213 220
442 531
511 94
247 257
62 118
318 148
