357 498
234 515
475 480
174 472
429 250
247 174
577 122
451 267
120 122
163 535
466 119
372 205
515 490
298 497
368 252
138 653
278 409
209 213
339 182
176 386
431 158
129 667
128 478
475 81
161 522
293 476
557 106
328 234
336 466
296 205
546 567
70 130
413 37
46 431
322 119
560 560
516 493
412 254
356 517
311 245
443 109
259 507
566 530
225 533
386 94
459 256
381 170
414 279
402 288
146 525
471 385
388 371
52 443
309 165
564 387
345 470
235 139
442 362
207 437
389 499
404 179
551 141
144 300
383 227
45 426
358 173
244 629
230 571
207 271
371 133
319 559
117 203
395 144
219 126
307 569
256 214
471 472
72 214
479 213
124 600
581 116
152 445
143 393
231 411
44 158
81 250
541 226
371 51
473 524
488 578
513 565
513 96
435 252
481 75
498 141
338 230
418 371
244 149
170 566
544 220
