278 345
424 129
370 479
508 375
421 414
521 311
575 423
302 64
163 620
535 357
38 436
148 442
340 218
537 178
322 223
147 644
163 446
426 351
464 358
268 312
400 531
445 517
533 208
412 367
401 120
149 652
440 181
504 129
302 115
190 454
341 151
375 206
238 654
55 312
90 158
430 81
265 413
85 212
531 340
141 203
196 639
69 158
376 173
302 564
441 367
441 554
556 234
105 96
454 22
255 242
334 251
356 45
452 520
133 201
219 631
374 446
288 231
349 275
112 264
81 288
209 414
149 247
415 72
426 455
512 303
447 110
200 426
407 161
164 509
529 94
126 569
293 498
589 534
228 248
539 243
473 567
153 631
581 237
292 123
418 68
383 188
351 82
546 506
222 518
179 247
370 285
386 279
504 559
544 522
40 147
157 218
367 552
381 373
362 159
127 179
460 78
277 226
460 41
90 111
335 559
