181 614
410 168
499 177
259 189
163 512
113 293
464 100
152 578
56 417
288 455
495 479
388 136
185 612
183 464
455 63
55 130
198 477
184 394
478 545
209 522
417 383
487 265
146 197
538 364
224 556
148 537
305 268
146 256
307 60
401 388
391 439
571 525
526 137
391 445
377 345
133 537
513 480
97 459
345 131
112 454
549 86
220 511
438 351
117 160
240 123
147 173
130 528
559 128
447 353
137 183
122 293
431 154
518 205
336 248
280 422
415 429
250 181
82 123
539 366
36 428
391 226
512 543
473 435
396 484
410 517
455 428
152 474
189 520
89 443
204 635
68 409
557 195
118 273
92 219
473 534
453 27
156 659
125 186
89 210
339 267
222 142
72 238
275 212
334 181
363 297
78 277
479 96
119 242
511 142
426 167
491 170
462 160
455 461
296 443
386 501
484 275
142 540
544 443
258 641
483 127
