372 207
537 355
476 175
336 502
438 500
469 53
526 158
127 215
303 511
495 131
499 239
346 110
365 540
70 116
432 89
261 290
307 127
415 415
197 221
110 162
132 606
92 411
374 88
219 564
558 335
551 400
265 205
512 187
265 503
535 232
409 242
158 240
118 593
252 157
299 121
545 191
415 390
111 205
404 42
44 617
215 613
289 415
440 149
403 419
146 178
587 106
499 347
232 537
467 220
509 510
526 188
220 516
141 393
128 299
159 518
234 517
494 518
392 141
360 469
374 99
468 530
278 350
440 117
102 474
477 233
64 284
95 111
256 263
324 147
402 277
181 642
553 128
456 176
67 130
308 101
367 168
75 472
323 239
171 524
507 474
319 115
187 465
495 266
348 35
414 79
487 492
313 174
267 204
372 289
319 261
124 301
199 433
445 276
524 341
360 159
336 417
91 422
382 245
379 375
557 132
