98 531
578 121
476 347
98 483
139 204
158 513
363 194
430 468
444 67
387 296
46 122
89 427
495 190
557 482
435 548
373 416
261 249
191 629
540 568
304 574
85 273
521 370
472 433
80 412
36 477
583 127
188 392
588 170
123 94
347 168
84 147
474 452
350 222
466 232
586 526
65 224
343 118
94 470
394 37
570 484
550 381
472 538
198 258
160 618
526 269
254 610
517 289
443 127
467 375
78 425
346 259
49 457
366 98
154 585
340 52
343 160
481 142
417 523
144 254
100 308
482 468
127 298
417 113
247 283
452 576
592 164
367 269
423 253
463 193
53 111
471 193
344 429
200 247
176 499
543 202
543 158
111 488
411 414
123 141
145 626
307 486
368 508
589 223
473 107
432 388
499 267
368 256
37 306
360 532
385 169
174 589
477 514
64 407
475 477
528 240
243 551
373 54
226 111
306 148
515 176
