107 204
307 49
308 563
197 536
218 594
458 55
510 512
438 345
397 524
133 668
408 152
410 192
55 254
293 96
466 404
386 50
302 38
134 471
487 213
162 486
111 514
443 212
432 160
360 503
248 257
129 549
413 26
381 371
496 201
115 535
347 515
381 340
527 569
46 611
529 109
563 563
254 262
122 421
473 513
49 235
90 420
431 212
336 274
464 195
229 613
67 408
324 181
561 136
412 188
433 429
393 161
580 484
478 206
425 220
508 572
337 467
418 133
417 370
476 449
500 275
598 248
472 541
110 120
512 529
476 373
322 187
501 493
470 486
473 161
128 541
245 200
73 609
270 295
310 214
117 455
454 38
211 240
583 108
382 138
252 640
