482 496
397 100
345 122
120 610
264 257
528 538
384 415
359 232
465 340
367 213
540 114
421 283
135 644
407 104
414 484
406 98
403 417
453 379
76 132
234 195
524 269
149 602
180 413
160 283
394 438
354 393
298 114
102 285
408 424
306 219
488 269
419 536
221 548
433 214
347 486
406 230
373 504
79 293
317 205
365 264
493 523
562 453
515 468
456 208
238 509
315 98
494 215
224 445
482 238
282 510
44 164
470 123
172 585
381 494
541 339
309 568
58 431
264 397
97 402
539 199
387 254
145 252
506 531
300 162
368 335
213 467
402 279
312 263
306 226
315 73
375 35
540 443
224 628
341 425
557 110
173 549
495 563
412 52
377 43
593 222
