368 512
407 397
250 146
169 474
170 538
112 168
66 439
86 274
39 469
136 167
271 311
315 216
128 213
369 394
124 273
136 301
53 241
138 456
420 129
99 185
84 186
242 254
86 423
200 240
555 417
370 261
270 249
525 394
346 205
473 542
474 193
449 240
118 82
489 128
378 411
239 585
542 529
198 433
479 464
57 235
92 603
58 147
369 219
162 268
36 310
99 402
330 220
514 149
468 269
86 470
218 506
243 207
144 146
156 574
529 214
282 380
391 253
439 246
374 218
254 305
61 219
218 111
460 518
103 607
96 496
521 362
140 581
571 414
401 530
451 425
145 148
172 650
207 561
239 642
236 260
438 363
84 284
381 518
55 193
469 273
