414 265
188 263
491 211
522 112
509 117
250 283
51 107
455 150
129 658
338 424
436 459
187 562
92 179
510 500
477 261
333 419
408 525
184 401
102 102
365 552
422 518
70 143
542 117
516 112
473 237
52 458
392 73
104 538
262 215
415 553
139 521
225 151
323 122
481 352
209 508
382 477
260 280
422 68
72 469
121 456
189 646
99 189
377 245
405 383
455 356
120 164
128 121
350 528
231 221
65 186
268 405
401 526
129 464
397 70
209 420
392 205
171 437
187 385
350 107
172 513
442 165
105 164
183 626
499 563
478 458
519 141
483 527
345 297
218 552
583 78
479 89
205 451
519 151
141 506
240 209
554 332
127 400
432 202
391 445
500 482
