440 201
390 407
530 108
310 220
290 471
240 543
198 229
274 262
140 633
402 536
241 612
106 469
185 513
62 289
75 186
229 643
437 439
531 514
192 283
333 446
470 87
183 658
370 333
260 276
38 430
433 428
270 636
426 501
371 401
455 583
514 131
402 384
223 521
318 208
106 552
313 497
139 603
148 266
207 508
369 463
125 550
353 64
448 448
433 198
511 171
134 663
60 146
400 381
284 454
434 266
470 528
225 257
112 602
61 304
129 105
77 205
240 504
568 445
396 544
314 256
72 274
449 500
375 270
419 519
443 495
316 123
41 467
525 546
131 205
373 215
575 240
369 297
292 223
525 509
500 495
243 111
533 440
342 468
201 232
304 552
