197 221
371 236
174 575
594 221
450 490
557 376
357 488
441 531
257 623
212 626
77 444
167 239
558 512
320 406
607 215
449 16
287 578
253 211
429 253
283 481
557 163
382 291
227 255
377 76
402 506
358 61
184 588
238 149
153 638
580 465
568 247
442 491
184 575
538 214
490 263
470 460
383 499
380 388
420 197
122 434
192 222
396 380
435 502
140 295
355 530
519 553
471 246
420 125
286 390
163 421
89 241
322 62
76 103
378 116
242 419
226 140
345 248
289 421
488 526
125 432
90 113
453 526
447 167
293 428
235 199
142 479
362 236
134 658
179 582
460 18
203 252
332 95
415 543
302 566
335 46
514 192
238 141
408 533
346 562
339 474
