110 606
102 172
305 196
391 326
536 144
259 229
144 144
114 224
356 165
126 460
479 374
390 242
382 117
295 479
236 227
316 174
196 276
75 197
569 184
366 424
270 297
546 113
49 315
440 549
378 133
62 239
242 137
270 230
389 532
368 106
451 501
132 468
377 169
166 644
354 237
184 239
307 37
537 380
66 168
150 597
411 481
389 201
104 453
288 451
83 285
393 167
567 87
244 417
374 342
63 185
451 455
163 291
558 94
125 287
199 563
229 149
342 212
206 419
128 453
192 507
383 168
365 60
351 240
474 171
126 607
440 538
43 130
91 266
202 654
147 553
464 59
340 290
119 183
564 429
472 204
402 209
449 357
44 406
143 249
74 473
