174 661
168 532
147 291
350 272
291 452
463 583
60 263
116 234
101 532
97 464
482 186
269 340
86 180
101 247
170 463
547 249
467 139
367 488
222 615
299 502
245 604
379 490
474 536
487 540
167 532
128 435
168 236
72 406
78 232
421 147
505 151
440 273
458 370
428 196
567 222
253 604
450 86
226 596
500 338
561 104
572 462
538 251
461 270
373 94
546 211
398 89
347 223
490 158
436 243
240 512
45 102
533 265
94 164
379 332
444 429
134 228
537 368
254 317
452 146
476 560
313 517
536 268
57 158
289 522
195 211
391 41
233 578
337 196
202 492
148 414
61 271
286 302
56 221
562 358
248 141
347 436
155 435
450 408
251 231
284 242
