506 185
59 203
386 81
188 283
309 61
35 154
535 98
211 461
445 158
607 253
520 465
91 167
322 112
432 258
186 611
266 347
567 86
118 181
392 283
378 528
136 594
314 208
168 524
159 524
525 266
376 303
574 418
108 514
380 492
573 476
438 415
406 380
442 87
114 153
219 628
375 357
594 132
36 414
276 416
231 138
528 361
431 100
91 288
566 112
563 192
179 620
557 229
149 220
51 182
376 62
608 246
25 315
161 642
477 109
196 579
433 480
470 79
397 139
270 327
184 227
473 563
330 154
521 236
525 538
472 113
266 622
50 609
48 483
563 110
34 432
228 551
220 593
185 628
188 260
346 221
239 409
127 466
484 234
374 29
359 148
