170 514
194 433
190 216
120 161
238 207
189 248
96 111
560 338
328 128
487 154
479 569
583 137
155 264
249 594
303 73
449 375
138 299
583 527
64 279
48 312
338 175
104 217
485 560
155 493
417 461
76 307
570 210
153 236
275 241
354 127
575 112
336 98
145 411
153 226
30 427
446 24
516 103
143 216
595 227
172 269
397 42
305 167
430 248
388 204
171 516
344 423
127 200
400 242
311 217
398 390
104 101
123 218
375 515
434 223
387 28
216 617
364 405
176 580
485 362
210 627
231 143
392 527
551 254
444 365
474 115
412 279
59 165
454 29
281 265
41 165
352 91
464 113
167 594
527 499
357 278
187 498
518 194
469 170
342 155
423 51
