1 90 170
25 162 269
50 134 272
42 114 292
50 134 272
25 162 269
50 134 272
42 114 292
25 162 269
50 134 272
42 114 292
50 134 272
25 162 269
50 134 272
42 114 292
23 48 207
1 90 170
24 50 251
61 240 231
17 260 353
71 282 460
32 288 477
71 282 460
32 288 477
45 293 514
56 203 502
75 211 512
36 219 481
79 230 496
27 229 521
67 243 540
27 229 521
75 211 512
56 203 502
74 203 500
36 219 481
79 230 496
36 219 481
4 184 447
55 204 439
6 236 420
84 213 421
76 91 443
77 163 490
59 195 491
36 219 481
4 184 447
55 204 439
6 236 420
84 213 421
55 204 439
4 184 447
55 204 439
84 213 421
6 236 420
84 213 421
55 204 439
4 184 447
59 195 491
74 203 500
56 203 502
75 211 512
59 195 491
77 163 490
74 203 500
56 203 502
45 293 514
32 288 477
71 282 460
32 288 477
71 282 460
32 288 477
71 282 460
17 260 353
71 282 460
32 288 477
45 293 514
32 288 477
71 282 460
32 288 477
71 282 460
32 288 477
71 282 460
45 293 514
32 288 477
71 282 460
32 288 477
45 293 514
56 203 502
7 196 599
43 201 594
19 234 607
46 219 582
53 259 587
38 281 574
53 259 587
38 281 574
53 259 587
46 219 582
27 229 521
67 243 540
27 229 521
79 230 496
36 219 481
75 211 512
56 203 502
74 203 500
59 195 491
74 203 500
56 203 502
75 211 512
79 230 496
36 219 481
74 203 500
56 203 502
27 229 521
67 243 540
27 229 521
79 230 496
36 219 481
79 230 496
27 229 521
67 243 540
75 211 512
56 203 502
74 203 500
59 195 491
55 204 439
6 236 420
84 213 421
6 236 420
84 213 421
55 204 439
6 236 420
84 213 421
4 184 447
59 195 491
74 203 500
56 203 502
75 211 512
27 229 521
56 203 502
74 203 500
56 203 502
59 195 491
77 163 490
46 219 582
19 234 607
46 219 582
43 201 594
7 196 599
43 201 594
96 262 649
53 259 587
38 281 574
11 409 545
81 363 525
52 360 551
81 363 525
52 360 551
81 363 525
54 376 465
85 363 423
44 368 446
9 341 458
57 374 465
54 376 465
57 374 465
54 376 465
57 374 465
44 368 446
85 363 423
44 368 446
9 341 458
57 374 465
54 376 465
57 374 465
54 376 465
57 374 465
44 368 446
85 363 423
44 368 446
9 341 458
85 363 423
44 368 446
57 374 465
54 376 465
57 374 465
44 368 446
54 376 465
57 374 465
9 341 458
81 363 525
52 360 551
81 363 525
52 360 551
81 363 525
52 360 551
81 363 525
52 360 551
81 363 525
52 360 551
81 363 525
85 363 423
80 403 399
69 400 416
85 363 423
57 374 465
54 376 465
57 374 465
44 368 446
54 376 465
57 374 465
9 341 458
44 368 446
85 363 423
5 449 473
2 550 530
