1 90 170
25 162 269
50 134 272
42 114 292
50 134 272
25 162 269
50 134 272
42 114 292
25 162 269
50 134 272
42 114 292
50 134 272
25 162 269
50 134 272
42 114 292
50 134 272
25 162 269
50 134 272
42 114 292
50 134 272
25 162 269
50 134 272
42 114 292
50 134 272
61 240 231
17 260 353
71 282 460
32 288 477
45 293 514
32 288 477
71 282 460
32 288 477
45 293 514
32 288 477
71 282 460
32 288 477
71 282 460
32 288 477
45 293 514
56 203 502
75 211 512
36 219 481
79 230 496
27 229 521
67 243 540
27 229 521
75 211 512
56 203 502
74 203 500
36 219 481
79 230 496
27 229 521
67 243 540
46 219 582
53 259 587
38 281 574
53 259 587
19 234 607
46 219 582
19 234 607
96 262 649
53 259 587
38 281 574
11 409 545
52 360 551
81 363 525
52 360 551
81 363 525
52 360 551
81 363 525
52 360 551
81 363 525
54 376 465
57 374 465
85 363 423
44 368 446
54 376 465
57 374 465
9 341 458
57 374 465
54 376 465
57 374 465
44 368 446
85 363 423
9 341 458
44 368 446
85 363 423
44 368 446
57 374 465
54 376 465
57 374 465
44 368 446
85 363 423
9 341 458
85 363 423
69 400 416
80 403 399
5 449 473
45 293 514
32 288 477
71 282 460
32 288 477
45 293 514
32 288 477
71 282 460
32 288 477
71 282 460
32 288 477
71 282 460
32 288 477
71 282 460
32 288 477
71 282 460
32 288 477
45 293 514
56 203 502
74 203 500
77 163 490
4 184 447
55 204 439
84 213 421
6 236 420
55 204 439
59 195 491
74 203 500
56 203 502
75 211 512
67 243 540
27 229 521
75 211 512
27 229 521
79 230 496
75 211 512
74 203 500
56 203 502
74 203 500
59 195 491
77 163 490
76 91 443
77 163 490
59 195 491
36 219 481
79 230 496
75 211 512
56 203 502
74 203 500
59 195 491
36 219 481
4 184 447
55 204 439
6 236 420
84 213 421
55 204 439
4 184 447
55 204 439
84 213 421
6 236 420
55 204 439
4 184 447
36 219 481
79 230 496
74 203 500
56 203 502
59 195 491
75 211 512
27 229 521
67 243 540
77 163 490
76 91 443
59 195 491
56 203 502
45 293 514
32 288 477
71 282 460
17 260 353
61 240 231
66 319 217
30 330 229
70 327 234
68 386 249
99 373 257
20 385 272
41 383 294
40 389 321
80 403 399
69 400 416
2 550 530
