1 90 170
80 125 186
25 146 197
48 147 173
52 137 183
80 125 186
48 147 173
52 137 183
25 146 197
48 147 173
52 137 183
80 125 186
46 117 160
1 90 170
60 82 123
18 55 130
46 117 160
48 147 173
52 137 183
80 125 186
30 146 256
85 275 212
86 334 181
41 345 131
86 334 181
56 336 248
29 305 268
82 339 267
87 363 297
63 391 226
4 410 168
14 388 136
4 410 168
92 426 167
54 431 154
92 426 167
54 431 154
94 462 160
93 491 170
5 499 177
93 491 170
102 483 127
9 464 100
89 479 96
17 455 63
31 307 60
29 305 268
56 336 248
82 339 267
87 363 297
63 391 226
94 462 160
102 483 127
9 464 100
89 479 96
17 455 63
78 453 27
17 455 63
9 464 100
89 479 96
102 483 127
93 491 170
5 499 177
91 511 142
35 526 137
91 511 142
35 526 137
55 518 205
24 487 265
98 484 275
24 487 265
98 484 275
24 487 265
98 484 275
24 487 265
98 484 275
24 487 265
98 484 275
24 487 265
55 518 205
74 557 195
5 499 177
93 491 170
94 462 160
92 426 167
54 431 154
4 410 168
63 391 226
87 363 297
37 377 345
23 417 383
45 438 351
51 447 353
45 438 351
51 447 353
61 539 366
26 538 364
61 539 366
26 538 364
61 539 366
26 538 364
61 539 366
26 538 364
61 539 366
26 538 364
61 539 366
26 538 364
61 539 366
26 538 364
61 539 366
26 538 364
61 539 366
100 544 443
21 478 545
77 473 534
67 410 517
97 386 501
66 396 484
36 391 445
33 391 439
58 415 429
95 455 461
68 455 428
65 473 435
95 455 461
13 495 479
39 513 480
13 495 479
95 455 461
68 455 428
65 473 435
68 455 428
58 415 429
32 401 388
23 417 383
51 447 353
45 438 351
23 417 383
37 377 345
32 401 388
23 417 383
32 401 388
45 438 351
51 447 353
45 438 351
51 447 353
23 417 383
37 377 345
32 401 388
23 417 383
32 401 388
58 415 429
33 391 439
36 391 445
33 391 439
58 415 429
68 455 428
65 473 435
95 455 461
66 396 484
97 386 501
66 396 484
36 391 445
33 391 439
36 391 445
33 391 439
58 415 429
32 401 388
23 417 383
32 401 388
37 377 345
87 363 297
82 339 267
29 305 268
82 339 267
56 336 248
63 391 226
86 334 181
85 275 212
29 305 268
82 339 267
56 336 248
87 363 297
37 377 345
32 401 388
23 417 383
33 391 439
36 391 445
58 415 429
66 396 484
97 386 501
67 410 517
95 455 461
68 455 428
65 473 435
68 455 428
95 455 461
13 495 479
39 513 480
77 473 534
21 478 545
77 473 534
64 512 543
2 550 530
34 571 525
100 544 443
61 539 366
32 401 388
23 417 383
45 438 351
51 447 353
45 438 351
51 447 353
45 438 351
32 401 388
33 391 439
36 391 445
33 391 439
66 396 484
22 209 522
44 220 511
22 209 522
70 189 520
19 198 477
16 183 464
69 152 474
44 220 511
22 209 522
70 189 520
7 163 512
28 148 537
99 142 540
38 133 537
49 130 528
28 148 537
99 142 540
38 133 537
28 148 537
99 142 540
49 130 528
27 224 556
20 184 394
42 112 454
40 97 459
71 89 443
40 97 459
71 89 443
73 68 409
11 56 417
62 36 428
11 56 417
73 68 409
62 36 428
40 97 459
49 130 528
38 133 537
10 152 578
15 185 612
3 181 614
15 185 612
3 181 614
72 204 635
101 258 641
72 204 635
79 156 659
99 142 540
69 152 474
42 112 454
71 89 443
73 68 409
11 56 417
73 68 409
11 56 417
62 36 428
71 89 443
40 97 459
42 112 454
71 89 443
40 97 459
71 89 443
73 68 409
11 56 417
62 36 428
11 56 417
73 68 409
11 56 417
73 68 409
71 89 443
42 112 454
40 97 459
71 89 443
42 112 454
20 184 394
73 68 409
11 56 417
62 36 428
11 56 417
73 68 409
11 56 417
73 68 409
11 56 417
62 36 428
71 89 443
40 97 459
42 112 454
40 97 459
71 89 443
40 97 459
42 112 454
40 97 459
42 112 454
71 89 443
40 97 459
42 112 454
69 152 474
16 183 464
19 198 477
16 183 464
69 152 474
16 183 464
19 198 477
16 183 464
69 152 474
16 183 464
69 152 474
19 198 477
16 183 464
19 198 477
69 152 474
16 183 464
19 198 477
7 163 512
70 189 520
22 209 522
44 220 511
22 209 522
44 220 511
70 189 520
7 163 512
49 130 528
38 133 537
99 142 540
28 148 537
99 142 540
49 130 528
38 133 537
99 142 540
28 148 537
70 189 520
22 209 522
44 220 511
22 209 522
28 148 537
99 142 540
49 130 528
38 133 537
99 142 540
28 148 537
38 133 537
49 130 528
7 163 512
70 189 520
22 209 522
44 220 511
22 209 522
28 148 537
49 130 528
38 133 537
99 142 540
28 148 537
99 142 540
28 148 537
49 130 528
38 133 537
99 142 540
28 148 537
7 163 512
70 189 520
22 209 522
44 220 511
22 209 522
70 189 520
7 163 512
49 130 528
38 133 537
99 142 540
28 148 537
99 142 540
49 130 528
38 133 537
49 130 528
99 142 540
28 148 537
99 142 540
49 130 528
38 133 537
22 209 522
44 220 511
22 209 522
27 224 556
22 209 522
44 220 511
19 198 477
16 183 464
69 152 474
42 112 454
71 89 443
11 56 417
62 36 428
11 56 417
73 68 409
71 89 443
40 97 459
42 112 454
40 97 459
69 152 474
7 163 512
19 198 477
44 220 511
22 209 522
70 189 520
22 209 522
28 148 537
49 130 528
38 133 537
99 142 540
49 130 528
38 133 537
28 148 537
10 152 578
3 181 614
15 185 612
3 181 614
15 185 612
3 181 614
15 185 612
3 181 614
72 204 635
15 185 612
3 181 614
15 185 612
3 181 614
72 204 635
79 156 659
101 258 641
15 185 612
3 181 614
15 185 612
3 181 614
15 185 612
72 204 635
79 156 659
10 152 578
27 224 556
15 185 612
3 181 614
15 185 612
72 204 635
79 156 659
101 258 641
27 224 556
44 220 511
19 198 477
16 183 464
19 198 477
16 183 464
19 198 477
44 220 511
22 209 522
70 189 520
7 163 512
69 152 474
16 183 464
19 198 477
16 183 464
19 198 477
44 220 511
97 386 501
66 396 484
33 391 439
36 391 445
33 391 439
32 401 388
37 377 345
87 363 297
82 339 267
29 305 268
30 146 256
80 125 186
52 137 183
48 147 173
46 117 160
1 90 170
18 55 130
60 82 123
18 55 130
60 82 123
1 90 170
81 89 210
48 147 173
52 137 183
25 146 197
80 125 186
46 117 160
48 147 173
52 137 183
25 146 197
80 125 186
1 90 170
46 117 160
48 147 173
80 125 186
52 137 183
25 146 197
48 147 173
80 125 186
52 137 183
25 146 197
81 89 210
84 72 238
76 92 219
90 119 242
88 78 277
75 118 273
8 113 293
53 122 293
30 146 256
90 119 242
84 72 238
88 78 277
75 118 273
8 113 293
76 92 219
81 89 210
76 92 219
84 72 238
90 119 242
30 146 256
75 118 273
53 122 293
8 113 293
88 78 277
90 119 242
30 146 256
75 118 273
53 122 293
8 113 293
1 90 170
46 117 160
48 147 173
52 137 183
25 146 197
80 125 186
81 89 210
76 92 219
90 119 242
30 146 256
75 118 273
53 122 293
8 113 293
88 78 277
84 72 238
18 55 130
60 82 123
18 55 130
60 82 123
18 55 130
60 82 123
18 55 130
60 82 123
1 90 170
46 117 160
52 137 183
80 125 186
81 89 210
84 72 238
76 92 219
90 119 242
88 78 277
75 118 273
8 113 293
53 122 293
30 146 256
25 146 197
48 147 173
46 117 160
48 147 173
80 125 186
52 137 183
1 90 170
46 117 160
80 125 186
52 137 183
80 125 186
52 137 183
25 146 197
48 147 173
52 137 183
25 146 197
80 125 186
81 89 210
84 72 238
76 92 219
81 89 210
76 92 219
81 89 210
76 92 219
84 72 238
76 92 219
81 89 210
76 92 219
84 72 238
90 119 242
30 146 256
90 119 242
88 78 277
75 118 273
53 122 293
8 113 293
53 122 293
8 113 293
88 78 277
90 119 242
30 146 256
75 118 273
8 113 293
53 122 293
8 113 293
53 122 293
75 118 273
8 113 293
53 122 293
30 146 256
80 125 186
46 117 160
1 90 170
46 117 160
48 147 173
52 137 183
25 146 197
80 125 186
52 137 183
48 147 173
80 125 186
52 137 183
25 146 197
81 89 210
84 72 238
76 92 219
81 89 210
76 92 219
84 72 238
88 78 277
90 119 242
30 146 256
75 118 273
53 122 293
8 113 293
53 122 293
75 118 273
1 90 170
46 117 160
48 147 173
52 137 183
80 125 186
52 137 183
25 146 197
48 147 173
52 137 183
25 146 197
80 125 186
81 89 210
84 72 238
76 92 219
81 89 210
1 90 170
48 147 173
52 137 183
80 125 186
46 117 160
48 147 173
52 137 183
80 125 186
52 137 183
25 146 197
30 146 256
90 119 242
81 89 210
1 90 170
18 55 130
60 82 123
1 90 170
46 117 160
48 147 173
80 125 186
52 137 183
25 146 197
81 89 210
76 92 219
84 72 238
88 78 277
30 146 256
8 113 293
53 122 293
75 118 273
90 119 242
30 146 256
90 119 242
81 89 210
76 92 219
84 72 238
88 78 277
75 118 273
53 122 293
8 113 293
75 118 273
53 122 293
8 113 293
88 78 277
75 118 273
8 113 293
53 122 293
8 113 293
53 122 293
8 113 293
53 122 293
8 113 293
75 118 273
30 146 256
53 122 293
8 113 293
75 118 273
90 119 242
88 78 277
84 72 238
76 92 219
81 89 210
25 146 197
52 137 183
80 125 186
48 147 173
25 146 197
52 137 183
80 125 186
48 147 173
46 117 160
1 90 170
81 89 210
76 92 219
81 89 210
84 72 238
46 117 160
1 90 170
81 89 210
76 92 219
90 119 242
30 146 256
6 259 189
59 250 181
6 259 189
59 250 181
12 288 455
96 296 443
12 288 455
96 296 443
57 280 422
12 288 455
96 296 443
12 288 455
96 296 443
57 280 422
12 288 455
57 280 422
96 296 443
57 280 422
12 288 455
96 296 443
12 288 455
96 296 443
57 280 422
96 296 443
12 288 455
57 280 422
96 296 443
12 288 455
96 296 443
12 288 455
57 280 422
96 296 443
12 288 455
96 296 443
57 280 422
96 296 443
12 288 455
57 280 422
96 296 443
12 288 455
96 296 443
57 280 422
12 288 455
96 296 443
12 288 455
57 280 422
12 288 455
96 296 443
57 280 422
12 288 455
96 296 443
12 288 455
57 280 422
96 296 443
12 288 455
96 296 443
12 288 455
96 296 443
57 280 422
96 296 443
12 288 455
96 296 443
12 288 455
96 296 443
57 280 422
96 296 443
12 288 455
96 296 443
12 288 455
96 296 443
57 280 422
96 296 443
12 288 455
96 296 443
12 288 455
96 296 443
57 280 422
59 250 181
6 259 189
59 250 181
6 259 189
59 250 181
47 240 123
83 222 142
47 240 123
59 250 181
6 259 189
59 250 181
6 259 189
59 250 181
6 259 189
59 250 181
6 259 189
59 250 181
6 259 189
59 250 181
6 259 189
59 250 181
6 259 189
59 250 181
6 259 189
59 250 181
6 259 189
59 250 181
6 259 189
59 250 181
6 259 189
59 250 181
6 259 189
59 250 181
6 259 189
59 250 181
6 259 189
59 250 181
47 240 123
83 222 142
47 240 123
83 222 142
47 240 123
83 222 142
47 240 123
83 222 142
47 240 123
59 250 181
6 259 189
30 146 256
90 119 242
76 92 219
81 89 210
76 92 219
90 119 242
30 146 256
29 305 268
82 339 267
87 363 297
37 377 345
32 401 388
33 391 439
36 391 445
66 396 484
97 386 501
67 410 517
66 396 484
97 386 501
66 396 484
95 455 461
65 473 435
68 455 428
33 391 439
36 391 445
33 391 439
58 415 429
23 417 383
26 538 364
61 539 366
26 538 364
61 539 366
26 538 364
61 539 366
100 544 443
64 512 543
21 478 545
77 473 534
39 513 480
13 495 479
67 410 517
97 386 501
66 396 484
36 391 445
33 391 439
58 415 429
95 455 461
77 473 534
21 478 545
64 512 543
2 550 530
34 571 525
39 513 480
13 495 479
95 455 461
68 455 428
65 473 435
66 396 484
97 386 501
44 220 511
27 224 556
101 258 641
72 204 635
15 185 612
3 181 614
15 185 612
10 152 578
99 142 540
38 133 537
49 130 528
38 133 537
99 142 540
28 148 537
27 224 556
22 209 522
44 220 511
70 189 520
7 163 512
40 97 459
62 36 428
11 56 417
73 68 409
71 89 443
42 112 454
69 152 474
19 198 477
16 183 464
20 184 394
16 183 464
19 198 477
69 152 474
42 112 454
40 97 459
71 89 443
73 68 409
11 56 417
62 36 428
11 56 417
73 68 409
11 56 417
71 89 443
42 112 454
40 97 459
69 152 474
16 183 464
19 198 477
44 220 511
22 209 522
70 189 520
7 163 512
69 152 474
42 112 454
40 97 459
71 89 443
42 112 454
40 97 459
42 112 454
16 183 464
19 198 477
44 220 511
97 386 501
66 396 484
58 415 429
23 417 383
32 401 388
37 377 345
87 363 297
82 339 267
56 336 248
82 339 267
56 336 248
82 339 267
56 336 248
82 339 267
29 305 268
85 275 212
86 334 181
41 345 131
31 307 60
41 345 131
14 388 136
54 431 154
92 426 167
4 410 168
63 391 226
86 334 181
41 345 131
14 388 136
4 410 168
92 426 167
54 431 154
92 426 167
4 410 168
92 426 167
54 431 154
94 462 160
93 491 170
5 499 177
24 487 265
98 484 275
24 487 265
98 484 275
55 518 205
5 499 177
93 491 170
5 499 177
91 511 142
102 483 127
9 464 100
89 479 96
14 388 136
41 345 131
31 307 60
17 455 63
89 479 96
102 483 127
91 511 142
35 526 137
74 557 195
50 559 128
43 549 86
50 559 128
35 526 137
91 511 142
102 483 127
89 479 96
9 464 100
94 462 160
93 491 170
5 499 177
55 518 205
74 557 195
93 491 170
92 426 167
4 410 168
54 431 154
14 388 136
86 334 181
56 336 248
82 339 267
56 336 248
87 363 297
23 417 383
51 447 353
45 438 351
51 447 353
45 438 351
51 447 353
45 438 351
51 447 353
45 438 351
51 447 353
45 438 351
51 447 353
26 538 364
61 539 366
26 538 364
61 539 366
26 538 364
61 539 366
26 538 364
61 539 366
26 538 364
61 539 366
2 550 530
39 513 480
34 571 525
2 550 530
39 513 480
13 495 479
39 513 480
13 495 479
39 513 480
95 455 461
33 391 439
36 391 445
33 391 439
87 363 297
24 487 265
98 484 275
24 487 265
98 484 275
24 487 265
98 484 275
55 518 205
74 557 195
50 559 128
43 549 86
91 511 142
102 483 127
9 464 100
89 479 96
17 455 63
78 453 27
17 455 63
89 479 96
102 483 127
50 559 128
43 549 86
50 559 128
75 118 273
53 122 293
8 113 293
88 78 277
84 72 238
90 119 242
30 146 256
6 259 189
59 250 181
47 240 123
83 222 142
47 240 123
59 250 181
6 259 189
59 250 181
6 259 189
59 250 181
47 240 123
83 222 142
47 240 123
83 222 142
47 240 123
59 250 181
6 259 189
59 250 181
57 280 422
96 296 443
12 288 455
96 296 443
57 280 422
96 296 443
12 288 455
96 296 443
57 280 422
96 296 443
12 288 455
57 280 422
96 296 443
57 280 422
12 288 455
96 296 443
57 280 422
96 296 443
12 288 455
96 296 443
57 280 422
96 296 443
12 288 455
96 296 443
57 280 422
96 296 443
12 288 455
96 296 443
57 280 422
96 296 443
12 288 455
96 296 443
57 280 422
96 296 443
12 288 455
96 296 443
57 280 422
96 296 443
12 288 455
57 280 422
96 296 443
12 288 455
96 296 443
57 280 422
96 296 443
12 288 455
96 296 443
57 280 422
12 288 455
96 296 443
12 288 455
96 296 443
57 280 422
12 288 455
96 296 443
12 288 455
96 296 443
59 250 181
6 259 189
59 250 181
6 259 189
59 250 181
6 259 189
59 250 181
6 259 189
59 250 181
47 240 123
83 222 142
47 240 123
83 222 142
47 240 123
59 250 181
6 259 189
59 250 181
6 259 189
59 250 181
6 259 189
59 250 181
6 259 189
59 250 181
47 240 123
83 222 142
47 240 123
83 222 142
47 240 123
83 222 142
47 240 123
83 222 142
47 240 123
83 222 142
47 240 123
83 222 142
47 240 123
59 250 181
6 259 189
59 250 181
6 259 189
59 250 181
6 259 189
59 250 181
6 259 189
59 250 181
6 259 189
59 250 181
47 240 123
83 222 142
47 240 123
83 222 142
47 240 123
59 250 181
6 259 189
59 250 181
6 259 189
59 250 181
6 259 189
59 250 181
6 259 189
59 250 181
47 240 123
83 222 142
47 240 123
59 250 181
6 259 189
59 250 181
47 240 123
83 222 142
47 240 123
59 250 181
6 259 189
59 250 181
47 240 123
83 222 142
47 240 123
83 222 142
47 240 123
83 222 142
47 240 123
59 250 181
6 259 189
59 250 181
6 259 189
59 250 181
6 259 189
30 146 256
85 275 212
29 305 268
82 339 267
37 377 345
32 401 388
58 415 429
2 550 530
