1 90 170
56 133 201
93 157 218
87 179 247
76 228 248
22 268 312
3 278 345
39 265 413
69 200 426
63 209 414
69 200 426
32 190 454
86 222 518
32 190 454
69 200 426
63 209 414
69 200 426
32 190 454
19 163 446
14 148 442
71 164 509
32 190 454
69 200 426
63 209 414
69 200 426
39 265 413
3 278 345
22 268 312
59 288 231
53 334 251
60 349 275
88 370 285
89 386 279
88 370 285
95 381 373
26 412 367
20 426 351
21 464 358
47 441 367
20 426 351
26 412 367
95 381 373
7 421 414
66 426 455
23 400 531
94 367 552
102 335 559
46 302 564
102 335 559
46 302 564
102 335 559
46 302 564
74 293 498
46 302 564
102 335 559
94 367 552
23 400 531
66 426 455
58 374 446
5 370 479
58 374 446
5 370 479
23 400 531
94 367 552
102 335 559
46 302 564
74 293 498
46 302 564
102 335 559
94 367 552
5 370 479
58 374 446
7 421 414
47 441 367
20 426 351
26 412 367
95 381 373
7 421 414
2 550 530
