1 90 170
80 125 186
25 146 197
48 147 173
52 137 183
80 125 186
48 147 173
52 137 183
25 146 197
48 147 173
52 137 183
80 125 186
46 117 160
1 90 170
60 82 123
18 55 130
46 117 160
48 147 173
52 137 183
80 125 186
30 146 256
85 275 212
86 334 181
41 345 131
86 334 181
56 336 248
29 305 268
82 339 267
87 363 297
63 391 226
4 410 168
14 388 136
4 410 168
92 426 167
54 431 154
92 426 167
54 431 154
94 462 160
9 464 100
31 307 60
41 345 131
86 334 181
85 275 212
90 119 242
76 92 219
81 89 210
1 90 170
46 117 160
80 125 186
52 137 183
48 147 173
25 146 197
52 137 183
48 147 173
46 117 160
80 125 186
52 137 183
48 147 173
25 146 197
30 146 256
6 259 189
59 250 181
6 259 189
59 250 181
47 240 123
83 222 142
47 240 123
59 250 181
6 259 189
59 250 181
6 259 189
59 250 181
47 240 123
83 222 142
47 240 123
83 222 142
47 240 123
59 250 181
6 259 189
59 250 181
6 259 189
59 250 181
6 259 189
59 250 181
6 259 189
59 250 181
47 240 123
83 222 142
47 240 123
59 250 181
6 259 189
59 250 181
47 240 123
83 222 142
47 240 123
59 250 181
6 259 189
59 250 181
47 240 123
83 222 142
47 240 123
83 222 142
47 240 123
83 222 142
47 240 123
59 250 181
6 259 189
59 250 181
6 259 189
59 250 181
6 259 189
30 146 256
85 275 212
29 305 268
82 339 267
87 363 297
37 377 345
68 455 428
65 473 435
95 455 461
13 495 479
2 550 530
