1 90 170
56 103 178
4 152 191
42 139 146
12 138 133
35 104 159
56 103 178
47 197 251
7 204 240
47 197 251
7 204 240
47 197 251
7 204 240
47 197 251
7 204 240
47 197 251
7 204 240
54 102 274
47 197 251
7 204 240
47 197 251
56 103 178
1 90 170
4 152 191
54 102 274
8 287 202
57 259 350
21 278 371
57 259 350
21 278 371
57 259 350
21 278 371
57 259 350
21 278 371
57 259 350
21 278 371
57 259 350
21 278 371
57 259 350
21 278 371
57 259 350
21 278 371
57 259 350
8 287 202
59 456 231
5 436 215
59 456 231
5 436 215
59 456 231
5 436 215
17 465 169
58 492 166
11 508 212
59 456 231
5 436 215
59 456 231
5 436 215
59 456 231
5 436 215
11 508 212
58 492 166
17 465 169
58 492 166
17 465 169
58 492 166
14 558 207
60 589 226
41 609 251
60 589 226
14 558 207
60 589 226
41 609 251
60 589 226
14 558 207
11 508 212
59 456 231
5 436 215
17 465 169
39 549 383
53 452 344
18 462 374
36 450 397
9 439 394
45 433 388
36 450 397
9 439 394
36 450 397
18 462 374
53 452 344
45 433 388
36 450 397
9 439 394
45 433 388
18 462 374
53 452 344
18 462 374
45 433 388
34 383 351
30 387 294
26 373 335
34 383 351
26 373 335
34 383 351
44 405 394
45 433 388
9 439 394
36 450 397
22 442 421
32 439 425
62 433 441
32 439 425
22 442 421
44 405 394
9 439 394
36 450 397
9 439 394
45 433 388
18 462 374
53 452 344
9 439 394
34 383 351
30 387 294
26 373 335
34 383 351
26 373 335
30 387 294
34 383 351
45 433 388
53 452 344
18 462 374
32 439 425
22 442 421
36 450 397
9 439 394
45 433 388
44 405 394
62 433 441
32 439 425
22 442 421
36 450 397
9 439 394
45 433 388
53 452 344
45 433 388
34 383 351
30 387 294
34 383 351
26 373 335
34 383 351
44 405 394
50 368 445
31 391 534
48 430 539
46 450 538
20 457 462
25 343 570
62 433 441
50 368 445
44 405 394
34 383 351
26 373 335
30 387 294
34 383 351
45 433 388
9 439 394
22 442 421
32 439 425
31 391 534
48 430 539
51 267 576
16 121 581
33 122 513
27 158 525
13 234 563
38 126 591
51 267 576
16 121 581
19 135 418
10 153 448
29 220 425
10 153 448
6 128 646
38 126 591
16 121 581
33 122 513
27 158 525
13 234 563
38 126 591
51 267 576
38 126 591
13 234 563
27 158 525
33 122 513
55 79 401
19 135 418
10 153 448
29 220 425
10 153 448
27 158 525
13 234 563
38 126 591
51 267 576
46 450 538
50 368 445
20 457 462
31 391 534
48 430 539
20 457 462
25 343 570
44 405 394
34 383 351
26 373 335
30 387 294
8 287 202
57 259 350
21 278 371
57 259 350
21 278 371
57 259 350
21 278 371
57 259 350
8 287 202
30 387 294
34 383 351
44 405 394
62 433 441
32 439 425
20 457 462
48 430 539
51 267 576
16 121 581
19 135 418
55 79 401
19 135 418
10 153 448
19 135 418
29 220 425
16 121 581
51 267 576
48 430 539
34 383 351
30 387 294
8 287 202
57 259 350
21 278 371
57 259 350
8 287 202
30 387 294
34 383 351
26 373 335
34 383 351
22 442 421
32 439 425
20 457 462
2 550 530
