1 90 170
14 175 253
19 172 254
28 275 282
27 275 249
7 372 277
48 366 233
56 385 212
18 391 190
52 360 183
47 332 162
52 360 183
27 275 249
13 253 197
24 283 364
4 295 471
24 283 364
13 253 197
14 175 253
3 90 237
15 95 288
40 118 297
15 95 288
40 118 297
3 90 237
19 172 254
14 175 253
19 172 254
40 118 297
15 95 288
3 90 237
15 95 288
40 118 297
15 95 288
40 118 297
19 172 254
14 175 253
28 275 282
27 275 249
28 275 282
27 275 249
7 372 277
48 366 233
56 385 212
18 391 190
52 360 183
47 332 162
48 366 233
7 372 277
48 366 233
56 385 212
18 391 190
53 467 203
21 464 186
53 467 203
43 436 169
8 485 145
38 499 140
5 470 127
8 485 145
38 499 140
31 564 181
53 467 203
21 464 186
43 436 169
18 391 190
56 385 212
48 366 233
7 372 277
48 366 233
56 385 212
18 391 190
53 467 203
21 464 186
43 436 169
8 485 145
17 530 371
36 528 420
10 562 362
17 530 371
10 562 362
17 530 371
10 562 362
17 530 371
23 497 343
59 463 359
23 497 343
59 463 359
23 497 343
59 463 359
23 497 343
59 463 359
34 342 441
58 344 435
34 342 441
58 344 435
34 342 441
58 344 435
34 342 441
58 344 435
34 342 441
58 344 435
34 342 441
58 344 435
34 342 441
58 344 435
34 342 441
58 344 435
34 342 441
11 420 541
20 279 577
54 200 572
57 215 565
51 216 554
29 143 486
46 159 505
55 178 500
22 185 422
42 234 466
22 185 422
42 234 466
46 159 505
55 178 500
46 159 505
29 143 486
22 185 422
62 93 421
61 32 439
62 93 421
29 143 486
46 159 505
55 178 500
42 234 466
22 185 422
29 143 486
46 159 505
55 178 500
42 234 466
51 216 554
57 215 565
20 279 577
11 420 541
41 443 521
6 427 456
58 344 435
34 342 441
58 344 435
6 427 456
60 499 496
2 550 530
