1 90 170
47 197 251
7 204 240
47 197 251
7 204 240
8 287 202
57 259 350
21 278 371
57 259 350
21 278 371
57 259 350
21 278 371
57 259 350
21 278 371
57 259 350
21 278 371
57 259 350
21 278 371
57 259 350
21 278 371
57 259 350
21 278 371
57 259 350
8 287 202
7 204 240
47 197 251
7 204 240
47 197 251
56 103 178
35 104 159
12 138 133
42 139 146
4 152 191
35 104 159
1 90 170
56 103 178
42 139 146
12 138 133
42 139 146
35 104 159
1 90 170
56 103 178
4 152 191
54 102 274
47 197 251
7 204 240
47 197 251
7 204 240
47 197 251
56 103 178
1 90 170
35 104 159
4 152 191
56 103 178
1 90 170
35 104 159
42 139 146
12 138 133
42 139 146
56 103 178
1 90 170
35 104 159
56 103 178
1 90 170
42 139 146
12 138 133
42 139 146
24 117 104
49 40 141
40 62 99
49 40 141
40 62 99
24 117 104
40 62 99
54 102 274
47 197 251
7 204 240
47 197 251
7 204 240
54 102 274
47 197 251
7 204 240
47 197 251
7 204 240
47 197 251
8 287 202
30 387 294
34 383 351
44 405 394
50 368 445
31 391 534
48 430 539
46 450 538
20 457 462
25 343 570
44 405 394
50 368 445
34 383 351
26 373 335
30 387 294
34 383 351
45 433 388
9 439 394
36 450 397
22 442 421
32 439 425
62 433 441
20 457 462
31 391 534
48 430 539
46 450 538
51 267 576
16 121 581
33 122 513
27 158 525
13 234 563
29 220 425
19 135 418
55 79 401
19 135 418
29 220 425
10 153 448
6 128 646
38 126 591
16 121 581
33 122 513
27 158 525
13 234 563
38 126 591
51 267 576
38 126 591
13 234 563
38 126 591
51 267 576
38 126 591
13 234 563
6 128 646
38 126 591
16 121 581
38 126 591
16 121 581
33 122 513
27 158 525
33 122 513
10 153 448
19 135 418
29 220 425
10 153 448
19 135 418
55 79 401
10 153 448
19 135 418
29 220 425
10 153 448
19 135 418
55 79 401
10 153 448
19 135 418
29 220 425
10 153 448
19 135 418
55 79 401
19 135 418
10 153 448
29 220 425
10 153 448
19 135 418
27 158 525
13 234 563
27 158 525
10 153 448
19 135 418
10 153 448
19 135 418
55 79 401
19 135 418
10 153 448
29 220 425
13 234 563
27 158 525
33 122 513
16 121 581
38 126 591
16 121 581
51 267 576
48 430 539
31 391 534
48 430 539
46 450 538
20 457 462
48 430 539
46 450 538
37 521 522
15 551 483
2 550 530
39 549 383
53 452 344
45 433 388
34 383 351
26 373 335
30 387 294
26 373 335
34 383 351
26 373 335
30 387 294
26 373 335
34 383 351
18 462 374
53 452 344
18 462 374
36 450 397
9 439 394
45 433 388
9 439 394
36 450 397
18 462 374
45 433 388
9 439 394
36 450 397
44 405 394
22 442 421
32 439 425
62 433 441
32 439 425
22 442 421
32 439 425
44 405 394
34 383 351
26 373 335
30 387 294
26 373 335
34 383 351
26 373 335
45 433 388
9 439 394
36 450 397
9 439 394
45 433 388
9 439 394
36 450 397
18 462 374
53 452 344
39 549 383
17 465 169
58 492 166
11 508 212
14 558 207
60 589 226
41 609 251
60 589 226
41 609 251
60 589 226
14 558 207
11 508 212
5 436 215
59 456 231
5 436 215
59 456 231
5 436 215
59 456 231
11 508 212
14 558 207
60 589 226
41 609 251
60 589 226
14 558 207
11 508 212
58 492 166
17 465 169
5 436 215
59 456 231
5 436 215
59 456 231
5 436 215
59 456 231
11 508 212
17 465 169
58 492 166
43 428 135
8 287 202
57 259 350
21 278 371
57 259 350
21 278 371
57 259 350
21 278 371
57 259 350
21 278 371
57 259 350
21 278 371
57 259 350
21 278 371
57 259 350
21 278 371
57 259 350
21 278 371
57 259 350
8 287 202
30 387 294
26 373 335
34 383 351
44 405 394
25 343 570
20 457 462
22 442 421
32 439 425
62 433 441
44 405 394
53 452 344
39 549 383
15 551 483
37 521 522
2 550 530
37 521 522
15 551 483
39 549 383
15 551 483
39 549 383
17 465 169
5 436 215
59 456 231
11 508 212
14 558 207
60 589 226
41 609 251
60 589 226
14 558 207
58 492 166
52 479 105
3 406 41
23 411 75
28 370 75
61 385 77
43 428 135
58 492 166
17 465 169
11 508 212
59 456 231
5 436 215
8 287 202
30 387 294
26 373 335
34 383 351
45 433 388
53 452 344
18 462 374
36 450 397
45 433 388
9 439 394
22 442 421
32 439 425
62 433 441
32 439 425
22 442 421
36 450 397
9 439 394
45 433 388
53 452 344
18 462 374
34 383 351
30 387 294
34 383 351
26 373 335
34 383 351
26 373 335
30 387 294
26 373 335
34 383 351
45 433 388
53 452 344
18 462 374
36 450 397
9 439 394
45 433 388
44 405 394
22 442 421
32 439 425
62 433 441
20 457 462
46 450 538
48 430 539
31 391 534
50 368 445
44 405 394
18 462 374
53 452 344
9 439 394
34 383 351
30 387 294
34 383 351
45 433 388
53 452 344
18 462 374
36 450 397
9 439 394
22 442 421
32 439 425
62 433 441
32 439 425
22 442 421
36 450 397
9 439 394
45 433 388
44 405 394
50 368 445
44 405 394
34 383 351
26 373 335
34 383 351
26 373 335
34 383 351
44 405 394
62 433 441
2 550 530
