1 90 170
46 115 173
40 107 210
44 209 239
18 241 256
12 275 229
57 390 265
58 401 261
53 420 285
33 452 280
34 456 263
29 449 225
28 393 226
17 367 222
7 404 198
49 429 192
20 423 182
49 429 192
29 449 225
34 456 263
33 452 280
53 420 285
58 401 261
57 390 265
28 393 226
7 404 198
17 367 222
58 401 261
53 420 285
33 452 280
34 456 263
33 452 280
53 420 285
58 401 261
57 390 265
29 449 225
11 553 250
23 543 228
30 529 191
26 600 248
45 604 231
26 600 248
45 604 231
26 600 248
11 553 250
23 543 228
30 529 191
14 491 155
27 530 369
55 526 395
27 530 369
37 564 410
55 526 395
27 530 369
19 514 327
27 530 369
55 526 395
27 530 369
55 526 395
27 530 369
19 514 327
27 530 369
50 401 355
52 433 494
22 536 516
2 550 530
