1 90 170
43 135 217
16 165 249
51 243 235
36 262 239
25 282 232
36 262 239
51 243 235
41 409 283
33 421 273
41 409 283
33 421 273
41 409 283
15 462 227
45 531 220
38 526 182
19 562 132
44 535 119
40 582 109
4 569 98
32 420 180
21 410 152
11 424 134
49 439 87
18 378 98
26 370 64
31 315 140
22 304 137
31 315 140
22 304 137
31 315 140
22 304 137
18 378 98
26 370 64
21 410 152
11 424 134
32 420 180
25 282 232
36 262 239
7 249 155
51 243 235
36 262 239
25 282 232
36 262 239
51 243 235
7 249 155
36 262 239
25 282 232
36 262 239
51 243 235
36 262 239
25 282 232
41 409 283
33 421 273
41 409 283
33 421 273
41 409 283
15 462 227
45 531 220
15 462 227
32 420 180
21 410 152
11 424 134
32 420 180
21 410 152
11 424 134
38 526 182
19 562 132
44 535 119
40 582 109
4 569 98
40 582 109
4 569 98
44 535 119
19 562 132
40 582 109
4 569 98
45 531 220
15 462 227
33 421 273
41 409 283
33 421 273
41 409 283
33 421 273
41 409 283
33 421 273
25 282 232
36 262 239
51 243 235
36 262 239
16 165 249
43 135 217
17 67 256
60 63 207
3 51 199
60 63 207
1 90 170
46 58 158
9 74 118
1 90 170
43 135 217
16 165 249
43 135 217
17 67 256
60 63 207
3 51 199
60 63 207
3 51 199
46 58 158
1 90 170
9 74 118
1 90 170
46 58 158
9 74 118
1 90 170
43 135 217
17 67 256
60 63 207
3 51 199
60 63 207
1 90 170
46 58 158
9 74 118
37 130 81
9 74 118
1 90 170
43 135 217
16 165 249
51 243 235
7 249 155
51 243 235
36 262 239
25 282 232
36 262 239
51 243 235
36 262 239
25 282 232
36 262 239
51 243 235
7 249 155
36 262 239
25 282 232
51 243 235
55 310 515
53 313 518
55 310 515
53 313 518
55 310 515
53 313 518
55 310 515
53 313 518
55 310 515
53 313 518
55 310 515
53 313 518
55 310 515
53 313 518
55 310 515
53 313 518
55 310 515
53 313 518
55 310 515
53 313 518
55 310 515
53 313 518
55 310 515
53 313 518
55 310 515
53 313 518
55 310 515
57 93 498
6 98 511
23 140 560
62 189 639
24 192 598
39 207 576
13 266 593
35 265 585
13 266 593
39 207 576
28 223 472
10 225 468
28 223 472
14 212 449
28 223 472
10 225 468
28 223 472
14 212 449
10 225 468
28 223 472
10 225 468
14 212 449
10 225 468
28 223 472
39 207 576
35 265 585
13 266 593
35 265 585
13 266 593
35 265 585
39 207 576
24 192 598
62 189 639
24 192 598
54 391 549
30 388 469
29 381 469
58 357 437
29 381 469
30 388 469
29 381 469
58 357 437
30 388 469
29 381 469
54 391 549
30 388 469
29 381 469
58 357 437
20 536 328
42 574 438
5 571 453
2 550 530
27 523 536
59 538 473
12 479 515
61 476 455
56 454 436
61 476 455
12 479 515
34 448 502
54 391 549
58 357 437
30 388 469
29 381 469
30 388 469
29 381 469
58 357 437
29 381 469
30 388 469
29 381 469
30 388 469
58 357 437
29 381 469
30 388 469
54 391 549
24 192 598
23 140 560
6 98 511
57 93 498
6 98 511
57 93 498
48 135 462
47 130 420
48 135 462
28 223 472
10 225 468
14 212 449
48 135 462
47 130 420
52 44 454
48 135 462
57 93 498
6 98 511
57 93 498
6 98 511
57 93 498
48 135 462
47 130 420
14 212 449
10 225 468
28 223 472
14 212 449
10 225 468
28 223 472
10 225 468
14 212 449
10 225 468
14 212 449
28 223 472
10 225 468
14 212 449
6 98 511
57 93 498
6 98 511
57 93 498
48 135 462
52 44 454
48 135 462
6 98 511
57 93 498
6 98 511
57 93 498
48 135 462
52 44 454
48 135 462
6 98 511
57 93 498
48 135 462
47 130 420
52 44 454
48 135 462
47 130 420
28 223 472
14 212 449
10 225 468
28 223 472
10 225 468
14 212 449
10 225 468
28 223 472
14 212 449
28 223 472
10 225 468
48 135 462
47 130 420
57 93 498
55 310 515
53 313 518
55 310 515
53 313 518
55 310 515
53 313 518
55 310 515
57 93 498
6 98 511
48 135 462
47 130 420
24 192 598
54 391 549
2 550 530
27 523 536
2 550 530
27 523 536
12 479 515
34 448 502
61 476 455
56 454 436
61 476 455
56 454 436
61 476 455
12 479 515
59 538 473
5 571 453
42 574 438
5 571 453
42 574 438
59 538 473
5 571 453
42 574 438
5 571 453
12 479 515
56 454 436
61 476 455
56 454 436
61 476 455
56 454 436
61 476 455
56 454 436
30 388 469
29 381 469
58 357 437
29 381 469
30 388 469
34 448 502
12 479 515
59 538 473
12 479 515
61 476 455
56 454 436
61 476 455
12 479 515
59 538 473
5 571 453
42 574 438
5 571 453
42 574 438
5 571 453
59 538 473
12 479 515
34 448 502
56 454 436
61 476 455
56 454 436
61 476 455
34 448 502
12 479 515
59 538 473
20 536 328
59 538 473
12 479 515
61 476 455
56 454 436
30 388 469
29 381 469
58 357 437
29 381 469
30 388 469
29 381 469
30 388 469
29 381 469
58 357 437
56 454 436
61 476 455
12 479 515
27 523 536
2 550 530
