1 90 170
20 118 181
50 149 220
62 184 227
76 188 260
6 188 283
76 188 260
62 184 227
50 149 220
20 118 181
45 91 288
6 188 283
76 188 260
6 188 283
76 188 260
62 184 227
50 149 220
62 184 227
45 91 288
54 25 315
45 91 288
6 188 283
76 188 260
50 149 220
4 59 203
6 188 283
76 188 260
24 314 208
77 346 221
24 314 208
28 376 303
21 392 283
28 376 303
38 375 357
34 406 380
38 375 357
34 406 380
33 438 415
31 380 492
22 378 528
31 380 492
22 378 528
31 380 492
22 378 528
31 380 492
22 378 528
31 380 492
22 378 528
31 380 492
26 159 524
25 168 524
75 185 628
48 179 620
17 186 611
57 196 579
37 219 628
68 266 622
74 220 593
73 228 551
10 211 461
79 127 466
78 239 409
41 276 416
18 266 347
61 270 327
18 266 347
41 276 416
78 239 409
41 276 416
78 239 409
41 276 416
18 266 347
61 270 327
18 266 347
61 270 327
18 266 347
61 270 327
41 276 416
78 239 409
79 127 466
72 34 432
40 36 414
72 34 432
40 36 414
72 34 432
70 48 483
72 34 432
70 48 483
79 127 466
30 108 514
79 127 466
70 48 483
72 34 432
40 36 414
79 127 466
10 211 461
25 168 524
26 159 524
78 239 409
41 276 416
78 239 409
79 127 466
10 211 461
73 228 551
25 168 524
78 239 409
41 276 416
78 239 409
41 276 416
61 270 327
18 266 347
61 270 327
18 266 347
61 270 327
18 266 347
61 270 327
18 266 347
41 276 416
78 239 409
41 276 416
61 270 327
18 266 347
41 276 416
78 239 409
41 276 416
78 239 409
41 276 416
61 270 327
18 266 347
61 270 327
15 322 112
60 397 139
82 359 148
64 330 154
24 314 208
77 346 221
28 376 303
21 392 283
28 376 303
21 392 283
16 432 258
21 392 283
28 376 303
34 406 380
33 438 415
58 433 480
22 378 528
31 380 492
58 433 480
33 438 415
38 375 357
33 438 415
58 433 480
13 520 465
2 550 530
