1 90 170
76 188 260
6 188 283
76 188 260
62 184 227
50 149 220
20 118 181
36 114 153
14 91 167
1 90 170
14 91 167
4 59 203
45 91 288
6 188 283
76 188 260
6 188 283
76 188 260
62 184 227
50 149 220
62 184 227
45 91 288
54 25 315
45 91 288
6 188 283
76 188 260
62 184 227
50 149 220
20 118 181
4 59 203
51 51 182
1 90 170
14 91 167
1 90 170
36 114 153
8 35 154
51 51 182
4 59 203
51 51 182
1 90 170
14 91 167
20 118 181
50 149 220
6 188 283
76 188 260
62 184 227
76 188 260
6 188 283
76 188 260
62 184 227
50 149 220
20 118 181
1 90 170
14 91 167
36 114 153
20 118 181
1 90 170
14 91 167
4 59 203
51 51 182
8 35 154
51 51 182
4 59 203
51 51 182
45 91 288
54 25 315
24 314 208
77 346 221
24 314 208
28 376 303
21 392 283
28 376 303
38 375 357
34 406 380
38 375 357
34 406 380
33 438 415
31 380 492
22 378 528
31 380 492
22 378 528
31 380 492
22 378 528
31 380 492
22 378 528
31 380 492
22 378 528
31 380 492
25 168 524
48 179 620
75 185 628
55 161 642
75 185 628
48 179 620
17 186 611
57 196 579
37 219 628
68 266 622
74 220 593
73 228 551
10 211 461
79 127 466
78 239 409
41 276 416
18 266 347
61 270 327
18 266 347
41 276 416
78 239 409
41 276 416
78 239 409
41 276 416
18 266 347
61 270 327
18 266 347
61 270 327
18 266 347
61 270 327
18 266 347
41 276 416
78 239 409
79 127 466
10 211 461
25 168 524
26 159 524
78 239 409
41 276 416
78 239 409
41 276 416
18 266 347
61 270 327
18 266 347
41 276 416
78 239 409
41 276 416
78 239 409
79 127 466
10 211 461
26 159 524
25 168 524
26 159 524
25 168 524
26 159 524
30 108 514
79 127 466
70 48 483
72 34 432
40 36 414
72 34 432
40 36 414
72 34 432
40 36 414
72 34 432
40 36 414
72 34 432
40 36 414
72 34 432
70 48 483
72 34 432
70 48 483
79 127 466
30 108 514
79 127 466
70 48 483
72 34 432
40 36 414
79 127 466
10 211 461
73 228 551
25 168 524
78 239 409
41 276 416
78 239 409
79 127 466
10 211 461
79 127 466
78 239 409
41 276 416
78 239 409
41 276 416
61 270 327
18 266 347
61 270 327
18 266 347
61 270 327
18 266 347
61 270 327
18 266 347
61 270 327
18 266 347
61 270 327
18 266 347
41 276 416
78 239 409
41 276 416
61 270 327
18 266 347
41 276 416
78 239 409
41 276 416
78 239 409
41 276 416
18 266 347
61 270 327
18 266 347
41 276 416
78 239 409
41 276 416
78 239 409
41 276 416
61 270 327
18 266 347
61 270 327
18 266 347
61 270 327
18 266 347
41 276 416
78 239 409
41 276 416
18 266 347
61 270 327
18 266 347
61 270 327
18 266 347
61 270 327
15 322 112
5 386 81
35 442 87
44 431 100
56 477 109
67 472 113
47 563 192
49 557 229
3 506 185
65 521 236
27 525 266
65 521 236
80 484 234
16 432 258
11 445 158
60 397 139
82 359 148
64 330 154
24 314 208
77 346 221
28 376 303
21 392 283
28 376 303
21 392 283
16 432 258
27 525 266
65 521 236
80 484 234
49 557 229
12 607 253
53 608 246
12 607 253
49 557 229
47 563 192
3 506 185
11 445 158
67 472 113
43 528 361
29 574 418
32 573 476
2 550 530
66 525 538
63 473 563
66 525 538
13 520 465
58 433 480
22 378 528
31 380 492
58 433 480
33 438 415
58 433 480
13 520 465
2 550 530
