1 90 170
64 145 252
26 160 283
64 145 252
30 102 285
40 79 293
30 102 285
26 160 283
64 145 252
30 102 285
40 79 293
26 160 283
64 145 252
30 102 285
40 79 293
30 102 285
40 79 293
30 102 285
26 160 283
64 145 252
26 160 283
30 102 285
40 79 293
30 102 285
40 79 293
30 102 285
26 160 283
7 264 257
70 312 263
42 365 264
67 368 335
9 384 415
28 354 393
76 341 425
37 347 486
39 373 504
56 381 494
52 282 510
47 238 509
35 221 548
78 173 549
35 221 548
47 238 509
52 282 510
47 238 509
68 213 467
50 224 445
68 213 467
25 180 413
47 238 509
52 282 510
56 381 494
27 394 438
9 384 415
28 354 393
76 341 425
9 384 415
60 264 397
9 384 415
27 394 438
56 381 494
39 373 504
37 347 486
39 373 504
47 238 509
68 213 467
50 224 445
68 213 467
50 224 445
59 58 431
61 97 402
25 180 413
61 97 402
59 58 431
78 173 549
35 221 548
47 238 509
52 282 510
56 381 494
39 373 504
37 347 486
17 414 484
34 419 536
58 309 568
34 419 536
28 354 393
76 341 425
19 403 417
31 408 424
27 394 438
9 384 415
60 264 397
9 384 415
28 354 393
19 403 417
2 550 530
