389 127
569 466
112 309
130 216
695 363
687 233
601 74
451 270
261 188
484 535
260 137
149 350
642 164
44 348
421 273
657 122
641 380
464 516
712 322
334 348
592 310
213 270
668 380
337 110
516 173
492 403
394 243
100 285
178 81
491 555
101 407
278 436
453 493
261 182
391 329
483 194
468 204
564 410
454 285
157 426
491 158
184 109
236 275
642 286
725 540
136 369
421 162
643 413
394 267
202 211
287 482
145 304
605 187
246 416
513 473
462 371
345 503
59 290
64 146
180 118
128 165
73 80
673 496
702 270
123 322
718 248
318 448
687 527
705 93
596 522
115 149
351 162
671 84
407 158
67 347
375 97
607 81
632 434
510 207
69 196
356 145
123 231
346 158
430 465
419 261
192 189
612 562
105 181
479 288
337 329
416 528
324 106
641 532
512 91
620 105
637 233
558 414
142 353
655 432
117 132
