325 132
60 202
704 124
638 326
224 156
433 187
388 327
629 116
180 345
517 380
505 383
590 452
273 190
409 510
206 160
497 490
196 217
259 461
518 357
661 531
50 61
479 526
543 92
194 354
251 116
72 116
144 395
706 288
57 306
567 340
191 127
436 457
61 322
36 361
712 110
681 477
396 160
339 171
195 345
614 49
79 430
697 272
260 175
431 388
568 307
686 446
556 189
402 288
633 379
634 240
517 320
97 261
278 465
340 363
38 74
671 321
606 558
559 373
342 368
312 105
555 214
211 289
299 462
276 195
57 394
500 384
508 224
123 398
482 401
240 410
555 461
506 440
206 149
492 430
335 211
512 553
596 501
719 309
676 84
578 384
343 125
573 191
474 493
550 133
252 416
434 237
399 298
506 415
429 348
686 219
704 506
71 414
591 200
257 145
449 123
225 279
237 117
268 380
108 381
602 63
