680 218
464 482
320 332
111 253
278 178
563 434
585 489
688 326
140 102
665 236
421 113
666 478
347 199
171 417
278 554
118 375
115 93
331 515
674 306
558 405
479 269
473 258
345 458
191 224
47 53
663 219
66 371
518 532
717 165
406 471
136 322
541 547
677 316
664 292
52 352
259 114
297 91
52 310
660 144
102 374
191 375
402 375
286 433
715 220
699 268
104 118
595 493
147 399
435 542
263 537
237 436
518 168
142 253
412 479
637 238
347 364
213 134
449 87
660 312
472 405
200 292
664 516
197 110
344 222
694 264
403 444
720 245
702 144
648 302
131 345
653 135
70 312
413 245
580 458
563 382
177 407
341 441
304 113
565 422
132 307
148 423
180 193
36 168
478 503
410 486
718 402
184 311
202 265
525 123
593 452
687 322
435 456
310 408
484 350
47 319
534 488
40 368
641 557
736 124
399 137
