599 256
413 248
393 417
404 419
62 295
671 423
686 534
197 200
602 152
400 152
223 377
567 433
69 44
269 396
412 520
106 164
583 215
102 265
723 540
711 371
567 362
93 83
413 166
652 474
636 163
124 32
47 384
399 421
448 539
540 483
577 230
682 158
265 300
664 525
578 405
596 332
409 154
142 170
566 208
694 517
110 401
288 411
706 530
411 424
251 333
490 322
340 139
670 413
43 82
136 224
201 240
336 129
731 125
296 122
710 543
116 177
113 317
521 169
441 118
524 541
604 518
581 261
207 420
302 417
216 325
118 407
132 389
258 265
238 426
709 235
568 348
65 400
102 415
663 472
58 205
279 452
406 336
258 396
463 99
201 117
619 74
269 211
82 279
589 328
633 466
588 373
41 216
332 289
211 390
219 321
585 331
481 208
568 388
544 500
356 461
652 249
596 385
753 85
598 433
340 252
