541 488
458 100
679 107
137 103
417 357
101 435
489 155
598 427
118 423
714 252
65 275
597 353
386 350
314 271
124 270
108 207
580 454
160 121
69 281
684 379
485 313
128 215
104 143
583 107
700 548
586 279
649 114
393 320
699 498
144 389
320 461
137 248
556 221
497 298
139 404
413 444
555 126
252 345
48 349
677 172
147 170
433 136
503 290
254 315
708 423
484 206
418 169
335 486
200 114
503 450
51 250
303 477
707 408
448 121
342 106
579 225
391 289
701 546
52 293
280 431
499 396
112 255
526 542
385 451
52 372
337 222
185 399
506 112
686 553
410 471
629 128
348 461
680 186
494 112
184 300
485 104
683 467
219 180
413 391
666 526
51 365
712 348
64 159
669 166
384 417
616 481
312 324
517 468
340 425
139 255
627 60
236 404
151 155
470 240
390 357
684 259
185 75
193 118
385 356
580 223
