146 95
319 288
720 115
310 103
394 131
519 270
349 241
745 136
562 409
578 448
541 480
593 372
600 188
584 407
737 36
283 250
548 110
180 264
523 286
256 107
388 449
118 383
432 488
511 338
692 219
464 356
194 397
475 561
425 550
451 278
140 134
578 141
47 352
672 564
325 379
551 548
399 452
392 473
522 159
394 112
588 131
334 463
141 387
706 405
600 289
491 204
469 255
376 101
147 383
630 472
431 478
211 159
272 548
554 516
653 362
462 278
359 120
62 229
183 132
343 523
702 288
409 526
120 281
109 385
469 420
599 410
104 64
175 51
418 275
493 440
392 505
103 343
504 179
71 145
689 412
184 273
464 161
36 355
427 136
173 93
680 460
418 550
37 130
408 408
443 524
493 460
112 187
430 382
94 87
433 500
111 330
423 220
336 234
482 391
708 385
122 287
523 516
450 274
470 506
756 141
