711 285
313 552
327 397
394 149
83 64
704 275
516 312
718 500
175 287
702 309
657 137
705 295
678 87
606 92
709 252
715 365
174 212
699 357
689 261
86 128
341 98
277 497
396 343
397 90
518 396
481 280
598 148
715 262
607 482
52 436
114 334
498 389
722 254
737 39
58 354
581 429
125 24
273 489
502 222
720 147
651 374
505 563
572 170
418 465
591 171
328 111
339 224
500 358
551 422
354 156
429 342
520 207
576 498
46 396
516 322
703 434
501 225
587 429
659 212
720 271
176 125
101 291
590 352
414 431
577 463
392 227
565 441
676 142
625 564
538 126
536 504
381 477
285 555
74 70
104 83
424 495
113 252
715 415
565 300
673 499
317 111
661 535
564 111
102 353
198 315
468 466
331 430
656 185
469 456
322 111
363 490
561 337
71 280
96 46
384 283
542 525
119 213
140 140
431 219
423 133
