661 398
197 320
642 231
554 383
710 204
389 226
255 161
235 437
608 543
657 170
340 309
474 482
689 90
648 360
692 404
556 349
268 390
692 524
746 129
145 357
133 416
67 241
528 478
289 404
176 346
656 519
671 495
476 381
566 255
641 533
486 142
694 545
304 546
271 195
272 192
753 145
103 47
252 170
510 448
252 162
642 262
216 172
370 109
409 434
550 276
414 315
547 106
573 326
73 335
350 284
353 170
443 514
273 106
402 407
245 76
267 117
553 532
276 176
124 134
118 386
509 238
468 420
255 155
334 332
519 481
701 233
492 410
355 498
578 359
213 417
595 193
127 118
670 38
346 388
181 424
661 315
39 162
179 326
566 376
628 67
678 203
269 265
48 242
425 464
486 284
361 494
465 155
494 152
71 220
134 208
560 387
95 82
668 493
545 286
51 307
417 256
508 464
57 355
413 264
297 492
