428 558
517 250
426 339
166 404
651 463
701 216
577 153
657 384
414 367
595 226
272 124
406 238
482 171
565 364
568 255
638 332
119 413
651 163
253 378
628 275
222 205
712 185
411 116
707 126
473 445
457 94
317 477
561 521
434 116
183 383
492 314
124 327
591 279
314 334
144 137
538 108
271 93
657 231
312 434
473 541
206 343
657 80
210 302
262 436
474 274
665 425
264 104
71 339
586 227
49 368
200 370
696 169
721 459
562 165
572 324
195 437
358 381
306 271
619 285
743 42
604 354
96 407
63 343
763 94
550 492
320 312
36 158
648 413
707 487
473 116
262 431
505 527
44 402
513 340
254 564
272 280
206 109
542 94
118 94
662 430
362 279
297 118
257 376
223 379
554 271
286 544
699 522
388 417
470 175
723 513
271 97
102 60
279 436
629 551
492 258
467 225
659 508
494 234
312 321
698 81
