221 346
290 278
120 142
514 387
356 202
473 164
589 119
512 369
81 404
582 234
271 265
378 490
254 197
547 91
284 458
584 298
338 363
222 415
259 183
215 379
512 300
664 272
651 390
290 525
603 201
476 264
494 478
266 420
649 566
50 394
653 423
656 519
245 96
38 162
700 73
429 348
259 552
101 307
338 449
336 471
207 304
288 276
132 334
464 197
161 427
672 122
600 230
189 236
179 221
659 544
263 351
328 480
435 550
702 399
150 162
216 177
251 215
394 224
202 299
721 301
419 314
569 234
766 90
328 280
57 240
111 141
255 59
609 107
463 384
567 546
182 391
420 338
710 497
477 532
212 330
62 213
504 513
580 258
180 261
341 189
707 360
316 252
93 432
680 100
572 314
64 114
430 87
415 410
398 513
112 430
620 281
168 113
646 158
526 513
418 488
57 197
332 174
572 128
127 401
404 458
