257 338
461 545
722 103
409 161
577 196
644 356
189 52
710 472
182 347
678 211
218 417
591 466
187 262
61 385
582 286
352 188
182 207
124 231
703 83
234 431
391 457
484 165
496 297
725 283
270 538
193 173
500 391
323 440
193 341
218 394
462 99
420 526
343 248
665 541
687 473
37 340
229 407
567 382
626 558
686 277
485 348
590 451
706 549
646 524
399 355
722 62
586 550
714 360
37 389
322 185
398 465
313 137
649 393
138 206
511 336
485 294
743 89
49 429
100 313
68 235
316 402
556 236
380 496
209 143
405 127
476 206
660 314
498 316
123 433
402 382
481 381
219 156
278 315
548 415
628 75
272 362
670 547
303 514
637 139
482 464
