752 148
326 494
157 103
406 476
635 515
642 326
131 158
43 129
540 528
566 272
44 221
540 525
701 404
636 358
393 448
566 354
271 155
662 528
67 230
319 443
61 239
41 418
551 279
429 392
338 230
495 561
698 109
555 506
266 558
667 242
537 484
692 338
389 275
270 150
63 216
350 93
221 115
642 115
407 155
97 53
471 227
640 362
703 361
477 105
504 352
560 235
273 105
676 93
180 147
358 268
392 449
444 117
184 219
493 253
640 258
501 291
411 539
577 497
259 447
589 360
353 127
47 209
710 274
641 355
458 532
506 439
498 423
645 322
419 477
143 285
81 88
649 204
658 112
487 465
308 121
579 534
516 501
146 115
586 336
408 258
