116 242
497 483
537 535
471 140
550 151
488 440
341 449
349 285
757 117
556 447
695 449
691 443
149 372
529 90
703 92
145 397
182 281
192 376
508 545
297 484
434 360
322 505
723 153
689 477
338 298
663 66
232 433
419 359
79 56
604 392
517 379
635 353
650 132
261 189
513 365
665 184
125 144
718 260
597 164
287 276
109 153
111 149
636 538
217 235
137 337
393 187
528 532
452 487
135 290
441 98
389 473
420 550
572 187
663 430
604 95
481 263
71 323
416 386
704 320
124 136
469 136
117 141
390 461
679 319
713 150
311 510
564 193
334 119
488 341
511 481
442 283
258 341
39 141
328 323
46 69
124 302
472 168
584 185
326 379
355 382
