420 94
653 561
675 154
558 165
462 267
577 426
263 513
527 86
427 444
358 230
432 183
359 505
261 318
262 419
54 218
567 219
688 148
422 198
176 412
185 237
35 397
142 319
358 88
62 313
88 422
315 238
99 122
282 317
274 372
188 108
290 427
752 87
199 419
135 331
697 246
425 116
557 244
579 553
352 294
111 301
397 106
424 447
475 331
315 517
146 268
522 500
170 99
353 371
474 533
435 117
250 91
695 72
562 280
182 158
631 410
124 416
703 318
470 101
654 329
508 123
514 172
70 418
440 487
38 398
413 189
144 224
486 552
223 413
106 375
513 526
444 530
707 164
555 518
672 90
647 94
193 199
601 270
34 373
607 532
414 514
