702 382
673 508
679 292
278 488
292 415
657 446
290 459
341 130
677 442
42 325
485 305
226 123
553 208
196 420
256 242
606 51
148 259
673 394
45 411
333 546
475 123
314 140
596 214
693 423
68 151
211 437
50 384
690 265
137 335
352 232
573 154
469 354
358 142
467 410
679 452
663 470
418 525
338 391
66 107
539 96
548 191
516 511
468 445
392 412
707 406
406 184
481 366
666 436
642 193
140 221
575 534
254 194
479 261
601 422
341 398
137 141
540 101
269 251
415 419
472 282
563 312
457 498
119 170
680 490
267 477
310 432
144 214
491 382
752 164
121 202
428 219
40 153
463 541
220 122
650 448
668 534
408 209
46 133
255 412
108 233
