557 117
662 333
334 158
550 435
647 328
601 515
484 431
674 308
100 283
213 208
219 368
145 293
469 100
672 533
703 517
380 489
429 246
192 225
366 272
599 401
290 418
262 286
286 455
615 539
505 530
602 50
428 565
260 565
480 501
258 282
313 552
412 365
486 429
261 349
671 75
141 352
336 306
717 502
533 122
661 496
653 464
399 306
315 398
643 443
593 102
567 503
640 506
660 548
503 343
347 217
343 195
343 170
260 496
410 310
651 535
654 448
711 277
418 348
507 332
403 271
271 264
576 532
268 514
651 103
553 552
544 129
632 394
134 150
470 144
593 511
560 544
224 113
199 124
504 317
418 157
145 251
157 110
581 232
654 378
67 206
