103 107
297 503
746 48
393 121
465 123
490 204
571 482
615 546
147 429
590 356
590 141
658 343
319 157
471 453
480 560
344 186
272 230
367 514
599 465
707 56
669 387
63 80
429 184
725 68
581 94
661 312
309 471
496 380
145 152
401 403
707 188
108 330
71 86
442 567
390 411
208 317
416 280
264 482
427 367
432 434
384 494
604 531
515 549
435 460
319 117
426 409
469 142
61 365
649 442
420 185
201 391
390 365
275 185
499 198
138 171
666 447
746 162
126 310
271 301
78 47
649 279
652 304
345 222
510 364
721 263
173 59
682 323
211 397
592 383
516 312
317 348
460 490
192 126
128 258
680 377
329 467
268 484
96 402
197 360
546 493
