431 114
177 298
390 422
507 467
445 83
216 402
643 503
419 144
669 43
61 433
646 493
70 106
211 105
709 430
326 296
608 273
701 253
358 413
342 472
387 94
112 180
713 256
185 266
350 303
166 86
505 455
218 299
110 197
144 303
548 394
250 431
348 335
585 292
362 276
213 307
186 375
585 191
253 296
420 528
642 402
497 148
590 227
306 480
701 183
461 82
290 559
188 435
57 318
417 299
302 529
602 174
581 254
256 189
385 366
324 317
600 261
481 422
560 441
215 334
319 232
132 199
708 98
356 423
584 488
620 119
66 294
234 119
258 484
129 366
138 103
680 287
343 405
580 440
495 520
663 90
639 105
713 148
697 415
50 222
579 429
