261 554
690 344
631 81
339 513
563 514
410 533
322 154
55 208
374 120
392 169
309 536
122 208
46 134
463 400
490 231
648 224
636 497
507 239
541 281
468 332
556 519
635 383
114 354
463 505
663 254
395 432
203 335
283 489
317 545
68 147
89 117
210 380
232 423
316 185
263 133
539 62
41 395
305 514
596 124
174 128
569 404
99 263
179 120
555 165
440 526
593 214
473 488
712 200
615 558
117 242
55 380
419 105
179 405
269 190
392 335
644 89
427 94
334 282
325 466
584 543
283 353
432 550
488 233
259 442
617 69
394 335
374 112
485 212
219 315
671 281
128 262
342 492
445 75
301 501
499 355
721 455
186 252
482 270
515 200
517 420
