715 386
645 283
203 209
563 377
547 108
721 384
331 174
568 369
642 473
119 29
289 403
461 308
705 186
452 509
584 240
175 321
447 484
59 328
332 195
509 225
629 546
64 211
176 78
45 184
223 217
99 45
472 464
311 560
600 237
288 483
484 404
286 487
719 448
121 179
661 513
471 436
168 430
412 122
719 240
131 296
183 340
510 306
80 275
137 265
434 434
475 489
477 235
334 207
416 118
404 411
652 518
490 410
728 50
354 297
258 463
672 542
142 401
412 94
419 201
214 218
304 534
237 272
708 333
658 512
680 266
584 478
463 325
194 123
696 503
721 374
548 331
740 75
417 539
68 124
647 281
161 283
125 271
285 407
682 399
695 416
