1 75 110
102 117 132
63 128 165
73 115 149
90 105 181
6 130 216
84 123 231
63 128 165
73 115 149
102 117 132
90 105 181
63 128 165
73 115 149
102 117 132
73 115 149
63 128 165
90 105 181
73 115 149
102 117 132
1 75 110
61 64 146
82 69 196
61 64 146
1 75 110
62 180 118
52 202 211
88 192 189
52 202 211
88 192 189
52 202 211
88 192 189
52 202 211
24 213 270
45 236 275
24 213 270
45 236 275
24 213 270
45 236 275
17 421 273
87 419 261
51 394 267
29 394 243
51 394 267
37 391 329
51 394 267
29 394 243
87 419 261
17 421 273
87 419 261
29 394 243
87 419 261
17 421 273
10 451 270
41 454 285
91 479 288
58 462 371
28 492 403
57 513 473
35 453 493
20 464 516
86 430 465
59 345 503
69 318 448
22 334 348
92 337 329
22 334 348
92 337 329
22 334 348
92 337 329
22 334 348
92 337 329
22 334 348
92 337 329
22 334 348
92 337 329
69 318 448
34 278 436
56 246 416
53 287 482
59 345 503
86 430 465
37 391 329
17 421 273
41 454 285
91 479 288
58 462 371
28 492 403
58 462 371
57 513 473
89 612 562
72 596 522
4 569 466
40 564 410
99 558 414
40 564 410
99 558 414
4 569 466
2 680 525
