1 75 110
33 140 134
3 146 95
61 183 132
54 211 159
61 183 132
22 256 107
18 283 250
22 256 107
6 310 103
42 394 112
50 376 101
59 359 120
7 394 131
81 427 136
7 394 131
42 394 112
50 376 101
59 359 120
7 394 131
94 423 220
71 418 275
58 462 278
32 451 278
100 450 274
32 451 278
58 462 278
71 418 275
8 519 270
49 469 255
48 491 204
79 464 161
48 491 204
49 469 255
8 519 270
58 462 278
32 451 278
100 450 274
71 418 275
94 423 220
71 418 275
94 423 220
71 418 275
4 319 288
9 349 241
95 336 234
9 349 241
95 336 234
4 319 288
37 325 379
44 334 463
73 392 505
39 399 452
23 388 449
40 392 473
39 399 452
23 388 449
90 430 382
86 408 408
90 430 382
86 408 408
90 430 382
86 408 408
39 399 452
23 388 449
40 392 473
53 431 478
25 432 488
92 433 500
25 432 488
53 431 478
25 432 488
92 433 500
88 493 460
72 493 440
67 469 420
72 493 440
88 493 460
72 493 440
67 469 420
96 482 391
28 464 356
96 482 391
26 511 338
72 493 440
88 493 460
72 493 440
99 523 516
13 541 480
12 578 448
68 599 410
16 584 407
11 562 409
14 593 372
68 599 410
16 584 407
11 562 409
12 578 448
68 599 410
16 584 407
11 562 409
14 593 372
68 599 410
16 584 407
11 562 409
12 578 448
68 599 410
16 584 407
14 593 372
68 599 410
16 584 407
11 562 409
12 578 448
68 599 410
16 584 407
11 562 409
14 593 372
68 599 410
16 584 407
11 562 409
12 578 448
13 541 480
2 680 525
83 680 460
46 706 405
77 689 412
97 708 385
46 706 405
97 708 385
46 706 405
77 689 412
57 653 362
52 630 472
2 680 525
