1 75 110
48 104 118
11 140 102
65 197 110
84 180 193
26 191 224
90 202 265
63 200 292
89 184 311
43 191 375
78 177 407
16 171 417
53 237 436
95 310 408
58 347 364
5 320 332
58 347 364
95 310 408
79 341 441
25 345 458
79 341 441
25 345 458
79 341 441
25 345 458
79 341 441
25 345 458
79 341 441
20 331 515
87 410 486
51 435 542
86 478 503
4 464 482
56 412 479
94 435 456
56 412 479
87 410 486
56 412 479
32 406 471
68 403 444
44 402 375
68 403 444
94 435 456
32 406 471
56 412 479
87 410 486
4 464 482
86 478 503
62 472 405
96 484 350
62 472 405
96 484 350
62 472 405
86 478 503
98 534 488
92 593 452
76 580 458
8 563 434
81 565 422
22 558 405
77 563 382
22 558 405
81 565 422
8 563 434
76 580 458
92 593 452
49 595 493
64 664 516
2 680 525
