1 75 110
88 64 114
1 75 110
57 150 162
5 120 142
68 111 141
5 120 142
57 150 162
5 120 142
68 111 141
5 120 142
68 111 141
94 168 113
58 216 177
50 189 236
51 179 221
81 180 261
50 189 236
51 179 221
58 216 177
51 179 221
50 189 236
81 180 261
61 202 299
43 207 304
61 202 299
43 207 304
61 202 299
77 212 330
3 221 346
77 212 330
43 207 304
61 202 299
22 215 379
20 222 415
30 266 420
53 263 351
13 271 265
44 288 276
4 290 278
44 288 276
13 271 265
44 288 276
4 290 278
44 288 276
13 271 265
59 251 215
15 254 197
21 259 183
15 254 197
59 251 215
15 254 197
21 259 183
15 254 197
59 251 215
13 271 265
44 288 276
4 290 278
66 328 280
84 316 252
66 328 280
19 338 363
41 338 449
42 336 471
14 378 490
102 404 458
90 415 410
63 419 314
74 420 338
38 429 348
74 420 338
63 419 314
38 429 348
74 420 338
63 419 314
90 415 410
102 404 458
97 418 488
29 494 478
71 463 384
10 512 369
6 514 387
10 512 369
6 514 387
10 512 369
6 514 387
10 512 369
23 512 300
28 476 264
8 473 164
46 464 197
8 473 164
16 547 91
9 589 119
100 572 128
27 603 201
80 580 258
64 569 234
12 582 234
49 600 230
80 580 258
12 582 234
64 569 234
27 603 201
49 600 230
12 582 234
64 569 234
80 580 258
93 620 281
80 580 258
12 582 234
49 600 230
27 603 201
49 600 230
12 582 234
64 569 234
80 580 258
87 572 314
18 584 298
87 572 314
18 584 298
87 572 314
80 580 258
93 620 281
24 664 272
25 651 390
33 653 423
34 656 519
2 680 525
