1 75 110
100 140 140
1 75 110
22 86 128
63 176 125
83 317 111
52 354 156
49 339 224
52 354 156
23 341 98
26 397 90
6 394 149
102 423 133
6 394 149
101 431 219
68 392 227
101 431 219
97 384 283
53 429 342
25 396 343
97 384 283
28 481 280
9 516 312
57 516 322
50 500 358
34 498 389
27 518 396
34 498 389
50 500 358
57 516 322
9 516 312
57 516 322
50 500 358
34 498 389
27 518 396
34 498 389
50 500 358
57 516 322
9 516 312
28 481 280
59 501 225
41 502 222
54 520 207
41 502 222
59 501 225
41 502 222
54 520 207
41 502 222
59 501 225
41 502 222
59 501 225
41 502 222
54 520 207
41 502 222
59 501 225
41 502 222
54 520 207
41 502 222
59 501 225
41 502 222
59 501 225
41 502 222
54 520 207
41 502 222
59 501 225
54 520 207
41 502 222
28 481 280
9 516 312
57 516 322
9 516 312
57 516 322
28 481 280
59 501 225
41 502 222
54 520 207
41 502 222
59 501 225
28 481 280
9 516 312
57 516 322
50 500 358
57 516 322
9 516 312
50 500 358
34 498 389
27 518 396
91 469 456
88 468 466
91 469 456
88 468 466
91 469 456
88 468 466
91 469 456
88 468 466
91 469 456
88 468 466
91 469 456
34 498 389
50 500 358
57 516 322
9 516 312
28 481 280
97 384 283
25 396 343
53 429 342
66 414 431
46 418 465
74 381 477
93 363 490
89 331 430
5 327 397
89 331 430
5 327 397
89 331 430
93 363 490
74 381 477
78 424 495
46 418 465
66 414 431
53 429 342
25 396 343
68 392 227
101 431 219
68 392 227
101 431 219
102 423 133
6 394 149
26 397 90
6 394 149
102 423 133
6 394 149
101 431 219
68 392 227
6 394 149
26 397 90
23 341 98
48 328 111
92 322 111
83 317 111
92 322 111
48 328 111
52 354 156
23 341 98
72 538 126
85 564 111
72 538 126
85 564 111
45 572 170
47 591 171
45 572 170
29 598 148
47 591 171
45 572 170
47 591 171
45 572 170
29 598 148
47 591 171
45 572 170
85 564 111
72 538 126
85 564 111
72 538 126
85 564 111
72 538 126
85 564 111
29 598 148
47 591 171
45 572 170
47 591 171
29 598 148
47 591 171
45 572 170
47 591 171
29 598 148
47 591 171
45 572 170
85 564 111
13 657 137
90 656 185
61 659 212
90 656 185
70 676 142
13 657 137
70 676 142
13 657 137
15 678 87
42 720 147
70 676 142
13 657 137
90 656 185
61 659 212
90 656 185
13 657 137
16 606 92
85 564 111
72 538 126
85 564 111
29 598 148
47 591 171
45 572 170
29 598 148
47 591 171
45 572 170
65 590 352
94 561 337
81 565 300
94 561 337
65 590 352
94 561 337
81 565 300
94 561 337
60 587 429
69 565 441
51 551 422
38 581 429
60 587 429
38 581 429
69 565 441
51 551 422
69 565 441
31 607 482
2 680 525
