1 75 110
61 124 134
74 127 118
61 124 134
74 127 118
61 124 134
74 127 118
58 267 117
37 272 192
36 271 195
37 272 192
60 276 176
40 252 170
9 255 161
42 252 162
65 255 155
9 255 161
42 252 162
9 255 161
40 252 170
65 255 155
60 276 176
37 272 192
36 271 195
58 267 117
55 273 106
57 245 76
58 267 117
65 255 155
42 252 162
40 252 170
9 255 161
60 276 176
37 272 192
36 271 195
84 269 265
19 268 390
10 235 437
72 213 417
77 181 424
23 133 416
62 118 386
22 145 357
62 118 386
23 133 416
77 181 424
27 176 346
80 179 326
27 176 346
4 197 320
80 179 326
27 176 346
80 179 326
4 197 320
44 216 172
4 197 320
80 179 326
27 176 346
80 179 326
4 197 320
80 179 326
27 176 346
72 213 417
26 289 404
10 235 437
19 268 390
10 235 437
76 346 388
13 340 309
66 334 332
13 340 309
66 334 332
13 340 309
52 350 284
101 413 264
8 389 226
98 417 256
101 413 264
52 350 284
53 353 170
52 350 284
13 340 309
66 334 332
76 346 388
66 334 332
13 340 309
52 350 284
13 340 309
66 334 332
13 340 309
52 350 284
101 413 264
48 414 315
56 402 407
46 409 434
86 425 464
88 361 494
26 289 404
10 235 437
19 268 390
84 269 265
57 245 76
55 273 106
58 267 117
65 255 155
42 252 162
9 255 161
40 252 170
36 271 195
37 272 192
60 276 176
37 272 192
36 271 195
9 255 161
65 255 155
42 252 162
40 252 170
58 267 117
45 370 109
49 547 106
90 494 152
33 486 142
89 465 155
33 486 142
90 494 152
63 509 238
87 486 284
101 413 264
48 414 315
101 413 264
52 350 284
53 353 170
52 350 284
13 340 309
52 350 284
13 340 309
66 334 332
13 340 309
52 350 284
101 413 264
98 417 256
101 413 264
48 414 315
101 413 264
98 417 256
101 413 264
87 486 284
63 509 238
87 486 284
52 350 284
13 340 309
66 334 332
13 340 309
52 350 284
101 413 264
98 417 256
8 389 226
98 417 256
101 413 264
98 417 256
101 413 264
98 417 256
101 413 264
98 417 256
101 413 264
8 389 226
101 413 264
98 417 256
48 414 315
56 402 407
46 409 434
86 425 464
88 361 494
70 355 498
76 346 388
10 235 437
72 213 417
27 176 346
80 179 326
4 197 320
80 179 326
27 176 346
80 179 326
27 176 346
80 179 326
4 197 320
80 179 326
4 197 320
27 176 346
80 179 326
4 197 320
80 179 326
27 176 346
80 179 326
4 197 320
80 179 326
27 176 346
80 179 326
4 197 320
27 176 346
77 181 424
62 118 386
22 145 357
62 118 386
23 133 416
77 181 424
72 213 417
10 235 437
19 268 390
10 235 437
72 213 417
77 181 424
23 133 416
22 145 357
62 118 386
23 133 416
92 134 208
61 124 134
74 127 118
1 75 110
79 39 162
85 48 242
24 67 241
91 71 220
24 67 241
85 48 242
24 67 241
91 71 220
85 48 242
24 67 241
97 51 307
51 73 335
100 57 355
51 73 335
100 57 355
51 73 335
97 51 307
51 73 335
100 57 355
51 73 335
97 51 307
51 73 335
100 57 355
51 73 335
97 51 307
85 48 242
91 71 220
24 67 241
91 71 220
24 67 241
85 48 242
1 75 110
61 124 134
74 127 118
61 124 134
92 134 208
61 124 134
74 127 118
58 267 117
55 273 106
58 267 117
9 255 161
42 252 162
65 255 155
9 255 161
42 252 162
40 252 170
60 276 176
37 272 192
36 271 195
37 272 192
60 276 176
37 272 192
36 271 195
65 255 155
9 255 161
42 252 162
40 252 170
60 276 176
37 272 192
36 271 195
65 255 155
9 255 161
42 252 162
40 252 170
60 276 176
37 272 192
36 271 195
84 269 265
57 245 76
55 273 106
58 267 117
65 255 155
9 255 161
42 252 162
9 255 161
40 252 170
37 272 192
36 271 195
37 272 192
60 276 176
65 255 155
42 252 162
9 255 161
40 252 170
36 271 195
37 272 192
60 276 176
58 267 117
55 273 106
45 370 109
55 273 106
58 267 117
65 255 155
9 255 161
40 252 170
60 276 176
37 272 192
36 271 195
42 252 162
9 255 161
65 255 155
9 255 161
42 252 162
40 252 170
60 276 176
37 272 192
36 271 195
37 272 192
60 276 176
58 267 117
57 245 76
58 267 117
74 127 118
61 124 134
74 127 118
94 95 82
39 103 47
94 95 82
1 75 110
79 39 162
85 48 242
24 67 241
91 71 220
97 51 307
51 73 335
100 57 355
51 73 335
97 51 307
24 67 241
91 71 220
79 39 162
1 75 110
74 127 118
61 124 134
92 134 208
22 145 357
62 118 386
23 133 416
77 181 424
4 197 320
44 216 172
4 197 320
10 235 437
19 268 390
84 269 265
19 268 390
10 235 437
72 213 417
77 181 424
10 235 437
76 346 388
66 334 332
13 340 309
52 350 284
13 340 309
66 334 332
13 340 309
52 350 284
13 340 309
66 334 332
13 340 309
52 350 284
13 340 309
66 334 332
13 340 309
52 350 284
13 340 309
66 334 332
76 346 388
70 355 498
54 443 514
14 474 482
99 508 464
41 510 448
69 492 410
30 476 381
64 468 420
69 492 410
30 476 381
69 492 410
14 474 482
54 443 514
86 425 464
46 409 434
56 402 407
46 409 434
86 425 464
46 409 434
56 402 407
86 425 464
54 443 514
25 528 478
67 519 481
99 508 464
41 510 448
30 476 381
69 492 410
41 510 448
99 508 464
67 519 481
25 528 478
28 656 519
2 680 525
