1 75 110
24 93 83
40 142 170
18 106 164
58 116 177
18 106 164
40 142 170
58 116 177
18 106 164
52 136 224
40 142 170
58 116 177
18 106 164
20 102 265
59 113 317
52 136 224
58 116 177
18 106 164
58 116 177
40 142 170
52 136 224
20 102 265
59 113 317
43 110 401
75 102 415
74 65 400
29 47 384
7 62 295
89 41 216
77 58 205
89 41 216
77 58 205
89 41 216
77 58 205
7 62 295
89 41 216
77 58 205
1 75 110
24 93 83
40 142 170
58 116 177
18 106 164
58 116 177
40 142 170
24 93 83
51 43 82
15 69 44
24 93 83
1 75 110
51 43 82
82 201 117
10 197 200
53 201 240
92 219 321
67 216 325
92 219 321
67 216 325
92 219 321
53 201 240
10 197 200
53 201 240
92 219 321
67 216 325
92 219 321
67 216 325
13 223 377
91 211 390
13 223 377
91 211 390
71 238 426
16 269 396
80 258 396
47 251 333
16 269 396
80 258 396
44 288 411
66 302 417
44 288 411
16 269 396
35 265 300
70 258 265
90 332 289
70 258 265
35 265 300
70 258 265
90 332 289
102 340 252
90 332 289
102 340 252
90 332 289
70 258 265
84 269 211
70 258 265
35 265 300
80 258 396
47 251 333
80 258 396
35 265 300
70 258 265
35 265 300
80 258 396
47 251 333
80 258 396
71 238 426
65 207 420
75 102 415
43 110 401
68 118 407
69 132 389
59 113 317
20 102 265
52 136 224
18 106 164
58 116 177
40 142 170
18 106 164
58 116 177
52 136 224
20 102 265
59 113 317
69 132 389
68 118 407
65 207 420
13 223 377
91 211 390
13 223 377
91 211 390
65 207 420
71 238 426
80 258 396
35 265 300
70 258 265
84 269 211
70 258 265
90 332 289
102 340 252
49 340 139
54 336 129
49 340 139
54 336 129
61 441 118
25 413 166
39 409 154
12 400 152
39 409 154
25 413 166
4 413 248
25 413 166
39 409 154
12 400 152
39 409 154
25 413 166
61 441 118
56 296 122
49 340 139
54 336 129
56 296 122
54 336 129
49 340 139
54 336 129
56 296 122
82 201 117
10 197 200
53 201 240
10 197 200
53 201 240
10 197 200
92 219 321
67 216 325
92 219 321
67 216 325
92 219 321
67 216 325
91 211 390
65 207 420
43 110 401
68 118 407
75 102 415
43 110 401
68 118 407
69 132 389
43 110 401
68 118 407
75 102 415
74 65 400
7 62 295
89 41 216
77 58 205
89 41 216
7 62 295
29 47 384
74 65 400
75 102 415
43 110 401
68 118 407
69 132 389
68 118 407
43 110 401
75 102 415
74 65 400
29 47 384
74 65 400
75 102 415
68 118 407
65 207 420
91 211 390
67 216 325
92 219 321
67 216 325
53 201 240
10 197 200
92 219 321
67 216 325
13 223 377
91 211 390
65 207 420
71 238 426
80 258 396
16 269 396
47 251 333
80 258 396
84 269 211
70 258 265
35 265 300
70 258 265
90 332 289
102 340 252
49 340 139
56 296 122
82 201 117
56 296 122
54 336 129
49 340 139
54 336 129
56 296 122
61 441 118
25 413 166
4 413 248
79 406 336
5 393 417
30 399 421
6 404 419
46 411 424
30 399 421
5 393 417
6 404 419
17 412 520
31 448 539
17 412 520
78 279 452
44 288 411
66 302 417
97 356 461
66 302 417
44 288 411
66 302 417
78 279 452
97 356 461
44 288 411
16 269 396
80 258 396
16 269 396
80 258 396
78 279 452
71 238 426
65 207 420
91 211 390
13 223 377
91 211 390
67 216 325
92 219 321
67 216 325
92 219 321
67 216 325
92 219 321
67 216 325
13 223 377
91 211 390
71 238 426
44 288 411
16 269 396
80 258 396
16 269 396
80 258 396
47 251 333
16 269 396
78 279 452
17 412 520
46 411 424
6 404 419
30 399 421
5 393 417
79 406 336
46 411 424
6 404 419
30 399 421
5 393 417
30 399 421
46 411 424
6 404 419
30 399 421
5 393 417
6 404 419
5 393 417
30 399 421
46 411 424
30 399 421
5 393 417
6 404 419
5 393 417
30 399 421
46 411 424
6 404 419
30 399 421
5 393 417
30 399 421
46 411 424
6 404 419
30 399 421
5 393 417
30 399 421
6 404 419
46 411 424
17 412 520
31 448 539
62 524 541
96 544 500
32 540 483
96 544 500
14 567 433
37 578 405
95 568 388
23 567 362
73 568 348
93 585 331
86 589 328
38 596 332
88 588 373
99 596 385
37 578 405
14 567 433
101 598 433
32 540 483
96 544 500
62 524 541
48 490 322
94 481 208
81 463 99
61 441 118
12 400 152
39 409 154
25 413 166
12 400 152
39 409 154
61 441 118
81 463 99
60 521 169
94 481 208
60 521 169
94 481 208
60 521 169
94 481 208
60 521 169
94 481 208
48 490 322
94 481 208
60 521 169
81 463 99
61 441 118
12 400 152
39 409 154
25 413 166
79 406 336
5 393 417
30 399 421
6 404 419
46 411 424
6 404 419
30 399 421
5 393 417
30 399 421
6 404 419
46 411 424
79 406 336
5 393 417
30 399 421
6 404 419
46 411 424
6 404 419
4 413 248
25 413 166
39 409 154
12 400 152
39 409 154
25 413 166
39 409 154
12 400 152
61 441 118
54 336 129
49 340 139
102 340 252
90 332 289
70 258 265
35 265 300
70 258 265
84 269 211
70 258 265
35 265 300
70 258 265
90 332 289
102 340 252
90 332 289
102 340 252
90 332 289
102 340 252
90 332 289
102 340 252
90 332 289
70 258 265
80 258 396
71 238 426
91 211 390
13 223 377
65 207 420
91 211 390
13 223 377
91 211 390
71 238 426
78 279 452
31 448 539
17 412 520
5 393 417
30 399 421
46 411 424
6 404 419
79 406 336
4 413 248
25 413 166
39 409 154
12 400 152
61 441 118
81 463 99
61 441 118
81 463 99
61 441 118
81 463 99
39 409 154
25 413 166
12 400 152
39 409 154
25 413 166
39 409 154
12 400 152
39 409 154
25 413 166
39 409 154
12 400 152
61 441 118
81 463 99
61 441 118
25 413 166
39 409 154
12 400 152
39 409 154
25 413 166
39 409 154
12 400 152
61 441 118
81 463 99
55 731 125
34 682 158
27 636 163
98 652 249
27 636 163
34 682 158
27 636 163
34 682 158
72 709 235
98 652 249
50 670 413
8 671 423
87 633 466
26 652 474
76 663 472
87 633 466
26 652 474
76 663 472
26 652 474
63 604 518
14 567 433
37 578 405
95 568 388
88 588 373
99 596 385
37 578 405
14 567 433
101 598 433
14 567 433
101 598 433
37 578 405
95 568 388
99 596 385
88 588 373
23 567 362
73 568 348
93 585 331
86 589 328
38 596 332
86 589 328
64 581 261
3 599 256
33 577 230
19 583 215
41 566 208
3 599 256
64 581 261
3 599 256
33 577 230
19 583 215
11 602 152
19 583 215
41 566 208
19 583 215
33 577 230
64 581 261
3 599 256
64 581 261
3 599 256
64 581 261
19 583 215
33 577 230
19 583 215
11 602 152
41 566 208
83 619 74
34 682 158
27 636 163
98 652 249
72 709 235
55 731 125
100 753 85
55 731 125
100 753 85
83 619 74
41 566 208
33 577 230
3 599 256
64 581 261
3 599 256
41 566 208
33 577 230
19 583 215
11 602 152
19 583 215
33 577 230
19 583 215
41 566 208
33 577 230
3 599 256
19 583 215
41 566 208
33 577 230
64 581 261
38 596 332
86 589 328
93 585 331
73 568 348
23 567 362
95 568 388
14 567 433
37 578 405
95 568 388
99 596 385
88 588 373
23 567 362
38 596 332
86 589 328
93 585 331
73 568 348
101 598 433
14 567 433
37 578 405
99 596 385
95 568 388
88 588 373
23 567 362
73 568 348
38 596 332
93 585 331
86 589 328
93 585 331
73 568 348
23 567 362
88 588 373
99 596 385
95 568 388
37 578 405
101 598 433
99 596 385
88 588 373
99 596 385
88 588 373
37 578 405
95 568 388
23 567 362
73 568 348
93 585 331
38 596 332
86 589 328
38 596 332
86 589 328
93 585 331
73 568 348
23 567 362
95 568 388
37 578 405
14 567 433
63 604 518
8 671 423
22 711 371
8 671 423
50 670 413
8 671 423
50 670 413
8 671 423
50 670 413
8 671 423
50 670 413
22 711 371
72 709 235
98 652 249
34 682 158
27 636 163
34 682 158
83 619 74
34 682 158
27 636 163
34 682 158
72 709 235
98 652 249
87 633 466
26 652 474
63 604 518
32 540 483
96 544 500
32 540 483
96 544 500
14 567 433
101 598 433
95 568 388
99 596 385
23 567 362
73 568 348
93 585 331
86 589 328
38 596 332
88 588 373
37 578 405
14 567 433
101 598 433
37 578 405
95 568 388
99 596 385
88 588 373
23 567 362
73 568 348
38 596 332
93 585 331
86 589 328
11 602 152
19 583 215
41 566 208
33 577 230
64 581 261
3 599 256
64 581 261
33 577 230
19 583 215
41 566 208
33 577 230
19 583 215
64 581 261
3 599 256
93 585 331
86 589 328
73 568 348
23 567 362
88 588 373
99 596 385
38 596 332
101 598 433
63 604 518
26 652 474
87 633 466
76 663 472
8 671 423
50 670 413
22 711 371
98 652 249
27 636 163
34 682 158
83 619 74
41 566 208
11 602 152
41 566 208
19 583 215
33 577 230
64 581 261
3 599 256
64 581 261
33 577 230
41 566 208
19 583 215
41 566 208
33 577 230
64 581 261
3 599 256
86 589 328
93 585 331
73 568 348
23 567 362
95 568 388
37 578 405
88 588 373
99 596 385
38 596 332
86 589 328
93 585 331
73 568 348
23 567 362
95 568 388
88 588 373
99 596 385
37 578 405
14 567 433
101 598 433
32 540 483
96 544 500
62 524 541
96 544 500
32 540 483
96 544 500
14 567 433
37 578 405
95 568 388
23 567 362
73 568 348
88 588 373
99 596 385
101 598 433
63 604 518
26 652 474
87 633 466
76 663 472
8 671 423
50 670 413
8 671 423
87 633 466
26 652 474
76 663 472
63 604 518
62 524 541
48 490 322
62 524 541
31 448 539
17 412 520
78 279 452
71 238 426
80 258 396
47 251 333
80 258 396
16 269 396
44 288 411
66 302 417
97 356 461
90 332 289
102 340 252
90 332 289
102 340 252
90 332 289
102 340 252
90 332 289
102 340 252
90 332 289
70 258 265
35 265 300
80 258 396
47 251 333
16 269 396
44 288 411
66 302 417
71 238 426
91 211 390
13 223 377
67 216 325
92 219 321
67 216 325
13 223 377
91 211 390
65 207 420
71 238 426
68 118 407
69 132 389
43 110 401
68 118 407
75 102 415
74 65 400
75 102 415
65 207 420
71 238 426
78 279 452
97 356 461
78 279 452
71 238 426
91 211 390
13 223 377
65 207 420
16 269 396
80 258 396
44 288 411
66 302 417
44 288 411
47 251 333
80 258 396
16 269 396
44 288 411
66 302 417
71 238 426
91 211 390
67 216 325
92 219 321
53 201 240
10 197 200
82 201 117
56 296 122
49 340 139
54 336 129
61 441 118
12 400 152
39 409 154
25 413 166
4 413 248
79 406 336
4 413 248
12 400 152
39 409 154
25 413 166
61 441 118
81 463 99
94 481 208
60 521 169
48 490 322
81 463 99
61 441 118
12 400 152
39 409 154
25 413 166
4 413 248
79 406 336
46 411 424
6 404 419
30 399 421
5 393 417
6 404 419
46 411 424
6 404 419
30 399 421
5 393 417
30 399 421
6 404 419
46 411 424
6 404 419
30 399 421
5 393 417
6 404 419
46 411 424
6 404 419
30 399 421
5 393 417
6 404 419
46 411 424
30 399 421
46 411 424
6 404 419
5 393 417
30 399 421
46 411 424
6 404 419
46 411 424
30 399 421
5 393 417
31 448 539
62 524 541
96 544 500
32 540 483
101 598 433
99 596 385
88 588 373
99 596 385
88 588 373
23 567 362
73 568 348
23 567 362
37 578 405
95 568 388
37 578 405
14 567 433
37 578 405
95 568 388
23 567 362
73 568 348
93 585 331
3 599 256
64 581 261
33 577 230
41 566 208
11 602 152
41 566 208
19 583 215
33 577 230
3 599 256
64 581 261
86 589 328
93 585 331
73 568 348
23 567 362
95 568 388
88 588 373
38 596 332
99 596 385
37 578 405
14 567 433
101 598 433
32 540 483
96 544 500
62 524 541
31 448 539
5 393 417
30 399 421
6 404 419
46 411 424
17 412 520
63 604 518
26 652 474
87 633 466
76 663 472
8 671 423
50 670 413
98 652 249
27 636 163
34 682 158
83 619 74
55 731 125
100 753 85
55 731 125
72 709 235
22 711 371
72 709 235
55 731 125
100 753 85
55 731 125
50 670 413
8 671 423
36 664 525
2 680 525
9 686 534
42 694 517
45 706 530
57 710 543
21 723 540
2 680 525
36 664 525
63 604 518
31 448 539
5 393 417
30 399 421
6 404 419
46 411 424
5 393 417
30 399 421
6 404 419
79 406 336
4 413 248
25 413 166
12 400 152
39 409 154
12 400 152
25 413 166
61 441 118
54 336 129
49 340 139
56 296 122
82 201 117
53 201 240
10 197 200
53 201 240
67 216 325
92 219 321
13 223 377
91 211 390
65 207 420
75 102 415
74 65 400
7 62 295
77 58 205
89 41 216
1 75 110
82 201 117
53 201 240
10 197 200
53 201 240
10 197 200
82 201 117
56 296 122
49 340 139
102 340 252
90 332 289
49 340 139
54 336 129
56 296 122
61 441 118
25 413 166
79 406 336
6 404 419
46 411 424
6 404 419
30 399 421
5 393 417
30 399 421
6 404 419
46 411 424
5 393 417
6 404 419
46 411 424
30 399 421
6 404 419
46 411 424
5 393 417
6 404 419
46 411 424
6 404 419
30 399 421
5 393 417
30 399 421
79 406 336
31 448 539
62 524 541
96 544 500
32 540 483
101 598 433
19 583 215
41 566 208
19 583 215
33 577 230
3 599 256
64 581 261
38 596 332
86 589 328
93 585 331
86 589 328
38 596 332
86 589 328
93 585 331
38 596 332
86 589 328
88 588 373
99 596 385
88 588 373
95 568 388
23 567 362
73 568 348
93 585 331
86 589 328
38 596 332
86 589 328
93 585 331
86 589 328
73 568 348
63 604 518
76 663 472
26 652 474
76 663 472
26 652 474
87 633 466
26 652 474
76 663 472
26 652 474
76 663 472
26 652 474
87 633 466
36 664 525
2 680 525
