1 75 110
100 140 140
1 75 110
22 86 128
63 176 125
83 317 111
52 354 156
49 339 224
52 354 156
23 341 98
26 397 90
6 394 149
102 423 133
6 394 149
101 431 219
68 392 227
101 431 219
97 384 283
53 429 342
25 396 343
97 384 283
28 481 280
9 516 312
57 516 322
27 518 396
34 498 389
50 500 358
27 518 396
34 498 389
27 518 396
34 498 389
27 518 396
34 498 389
91 469 456
73 536 504
55 576 498
67 577 463
38 581 429
60 587 429
38 581 429
69 565 441
51 551 422
38 581 429
60 587 429
38 581 429
60 587 429
67 577 463
31 607 482
82 673 499
2 680 525
