1 75 110
95 151 155
43 147 170
95 151 155
6 137 103
20 160 121
100 193 118
80 219 180
51 200 114
100 193 118
20 160 121
6 137 103
95 151 155
43 147 170
24 128 215
34 137 248
92 139 255
34 137 248
17 124 270
64 112 255
24 128 215
18 108 207
43 147 170
95 151 155
25 104 143
95 151 155
43 147 170
6 137 103
100 193 118
51 200 114
100 193 118
20 160 121
6 137 103
1 75 110
85 64 159
53 51 250
13 65 275
21 69 281
61 52 293
41 48 349
83 51 365
67 52 372
83 51 365
67 52 372
83 51 365
67 52 372
41 48 349
83 51 365
67 52 372
83 51 365
41 48 349
83 51 365
67 52 372
83 51 365
41 48 349
21 69 281
17 124 270
92 139 255
34 137 248
64 112 255
17 124 270
92 139 255
34 137 248
24 128 215
18 108 207
43 147 170
95 151 155
43 147 170
24 128 215
34 137 248
92 139 255
17 124 270
64 112 255
17 124 270
92 139 255
34 137 248
24 128 215
18 108 207
24 128 215
34 137 248
92 139 255
17 124 270
64 112 255
24 128 215
18 108 207
6 137 103
20 160 121
51 200 114
100 193 118
80 219 180
77 184 300
69 185 399
94 236 404
69 185 399
11 118 423
37 139 404
32 144 389
37 139 404
32 144 389
11 118 423
8 101 435
11 118 423
69 185 399
94 236 404
62 280 431
40 252 345
46 254 315
40 252 345
46 254 315
40 252 345
46 254 315
40 252 345
62 280 431
91 340 425
74 348 461
50 335 486
33 320 461
54 303 477
33 320 461
74 348 461
50 335 486
72 410 471
38 413 444
87 384 417
38 413 444
66 385 451
38 413 444
87 384 417
81 413 391
7 417 357
59 391 289
30 393 320
15 386 350
101 385 356
97 390 357
101 385 356
15 386 350
30 393 320
59 391 289
30 393 320
15 386 350
101 385 356
97 390 357
7 417 357
81 413 391
87 384 417
38 413 444
66 385 451
72 410 471
38 413 444
81 413 391
97 390 357
101 385 356
15 386 350
7 417 357
81 413 391
38 413 444
72 410 471
50 335 486
33 320 461
74 348 461
91 340 425
89 312 324
16 314 271
68 337 222
16 314 271
89 312 324
91 340 425
62 280 431
46 254 315
40 252 345
46 254 315
40 252 345
46 254 315
40 252 345
46 254 315
62 280 431
91 340 425
89 312 324
16 314 271
68 337 222
16 314 271
89 312 324
91 340 425
62 280 431
40 252 345
46 254 315
40 252 345
46 254 315
40 252 345
46 254 315
40 252 345
62 280 431
94 236 404
69 185 399
11 118 423
32 144 389
37 139 404
11 118 423
8 101 435
11 118 423
37 139 404
32 144 389
37 139 404
11 118 423
69 185 399
77 184 300
69 185 399
62 280 431
50 335 486
72 410 471
38 413 444
87 384 417
81 413 391
7 417 357
97 390 357
101 385 356
15 386 350
59 391 289
30 393 320
15 386 350
101 385 356
97 390 357
15 386 350
101 385 356
7 417 357
81 413 391
87 384 417
38 413 444
66 385 451
72 410 471
50 335 486
16 314 271
68 337 222
89 312 324
16 314 271
68 337 222
16 314 271
89 312 324
91 340 425
74 348 461
33 320 461
50 335 486
72 410 471
81 413 391
7 417 357
15 386 350
101 385 356
97 390 357
101 385 356
15 386 350
30 393 320
59 391 289
30 393 320
7 417 357
81 413 391
38 413 444
72 410 471
38 413 444
72 410 471
38 413 444
66 385 451
81 413 391
87 384 417
81 413 391
15 386 350
101 385 356
97 390 357
101 385 356
15 386 350
97 390 357
7 417 357
30 393 320
59 391 289
30 393 320
15 386 350
97 390 357
101 385 356
7 417 357
81 413 391
97 390 357
15 386 350
101 385 356
15 386 350
30 393 320
59 391 289
49 418 169
44 433 136
49 418 169
44 433 136
49 418 169
44 433 136
49 418 169
44 433 136
49 418 169
44 433 136
49 418 169
44 433 136
49 418 169
59 391 289
28 586 279
58 579 225
102 580 223
58 579 225
102 580 223
35 556 221
102 580 223
58 579 225
102 580 223
35 556 221
26 583 107
29 649 114
73 629 128
29 649 114
42 677 172
86 669 166
75 680 186
42 677 172
86 669 166
42 677 172
75 680 186
42 677 172
86 669 166
29 649 114
73 629 128
93 627 60
29 649 114
73 629 128
26 583 107
39 555 126
58 579 225
102 580 223
58 579 225
35 556 221
58 579 225
102 580 223
58 579 225
28 586 279
35 556 221
58 579 225
102 580 223
35 556 221
58 579 225
102 580 223
58 579 225
28 586 279
35 556 221
58 579 225
102 580 223
39 555 126
70 506 112
9 489 155
48 484 206
96 470 240
48 484 206
96 470 240
23 485 313
45 503 290
36 497 298
45 503 290
36 497 298
23 485 313
36 497 298
45 503 290
96 470 240
9 489 155
78 485 104
4 458 100
56 448 121
76 494 112
70 506 112
76 494 112
78 485 104
4 458 100
56 448 121
4 458 100
9 489 155
48 484 206
45 503 290
23 485 313
36 497 298
45 503 290
36 497 298
23 485 313
96 470 240
45 503 290
36 497 298
23 485 313
36 497 298
45 503 290
36 497 298
23 485 313
63 499 396
52 503 450
90 517 468
52 503 450
90 517 468
52 503 450
90 517 468
52 503 450
63 499 396
65 526 542
3 541 488
19 580 454
10 598 427
19 580 454
3 541 488
65 526 542
52 503 450
90 517 468
52 503 450
63 499 396
52 503 450
90 517 468
52 503 450
65 526 542
88 616 481
2 680 525
