1 75 110
28 72 116
1 75 110
33 191 127
75 206 149
17 206 160
19 196 217
98 225 279
64 211 289
98 225 279
64 211 289
41 195 345
26 194 354
11 180 345
26 194 354
41 195 345
26 194 354
11 180 345
26 194 354
41 195 345
26 194 354
11 180 345
26 194 354
41 195 345
11 180 345
26 194 354
41 195 345
26 194 354
11 180 345
41 195 345
11 180 345
41 195 345
26 194 354
11 180 345
41 195 345
64 211 289
54 97 261
101 108 381
70 123 398
43 79 430
94 71 414
67 57 394
36 36 361
35 61 322
31 57 306
35 61 322
31 57 306
35 61 322
36 36 361
67 57 394
94 71 414
43 79 430
94 71 414
70 123 398
101 108 381
70 123 398
29 144 395
70 123 398
87 252 416
72 240 410
87 252 416
72 240 410
87 252 416
100 268 380
87 252 416
72 240 410
87 252 416
55 278 465
20 259 461
55 278 465
56 340 363
61 342 368
56 340 363
61 342 368
56 340 363
61 342 368
56 340 363
61 342 368
56 340 363
61 342 368
56 340 363
61 342 368
56 340 363
61 342 368
56 340 363
61 342 368
56 340 363
61 342 368
56 340 363
61 342 368
56 340 363
61 342 368
65 299 462
16 409 510
34 436 457
46 431 388
91 429 348
46 431 388
91 429 348
46 431 388
91 429 348
46 431 388
9 388 327
89 399 298
50 402 288
89 399 298
9 388 327
89 399 298
50 402 288
89 399 298
50 402 288
89 399 298
9 388 327
89 399 298
50 402 288
89 399 298
50 402 288
89 399 298
50 402 288
89 399 298
88 434 237
8 433 187
39 396 160
8 433 187
39 396 160
8 433 187
39 396 160
8 433 187
88 434 237
50 402 288
89 399 298
9 388 327
89 399 298
50 402 288
89 399 298
9 388 327
89 399 298
50 402 288
89 399 298
9 388 327
89 399 298
50 402 288
89 399 298
50 402 288
89 399 298
9 388 327
91 429 348
46 431 388
91 429 348
50 402 288
88 434 237
8 433 187
88 434 237
50 402 288
89 399 298
50 402 288
89 399 298
9 388 327
89 399 298
50 402 288
89 399 298
50 402 288
89 399 298
9 388 327
89 399 298
50 402 288
91 429 348
46 431 388
91 429 348
9 388 327
89 399 298
50 402 288
91 429 348
46 431 388
91 429 348
9 388 327
89 399 298
50 402 288
89 399 298
50 402 288
89 399 298
34 436 457
16 409 510
55 278 465
65 299 462
20 259 461
55 278 465
65 299 462
72 240 410
87 252 416
72 240 410
87 252 416
72 240 410
87 252 416
100 268 380
20 259 461
55 278 465
65 299 462
55 278 465
20 259 461
55 278 465
65 299 462
55 278 465
20 259 461
55 278 465
65 299 462
87 252 416
72 240 410
87 252 416
55 278 465
20 259 461
55 278 465
65 299 462
55 278 465
20 259 461
55 278 465
87 252 416
70 123 398
29 144 395
70 123 398
101 108 381
70 123 398
94 71 414
67 57 394
35 61 322
31 57 306
35 61 322
4 60 202
28 72 116
1 75 110
57 38 74
23 50 61
33 191 127
75 206 149
17 206 160
19 196 217
64 211 289
54 97 261
64 211 289
19 196 217
98 225 279
64 211 289
98 225 279
64 211 289
98 225 279
64 211 289
98 225 279
64 211 289
98 225 279
64 211 289
11 180 345
41 195 345
11 180 345
41 195 345
26 194 354
41 195 345
26 194 354
11 180 345
41 195 345
26 194 354
41 195 345
64 211 289
98 225 279
19 196 217
7 224 156
75 206 149
17 206 160
75 206 149
7 224 156
17 206 160
75 206 149
17 206 160
33 191 127
99 237 117
27 251 116
96 257 145
45 260 175
96 257 145
27 251 116
99 237 117
27 251 116
99 237 117
33 191 127
75 206 149
17 206 160
7 224 156
17 206 160
7 224 156
75 206 149
17 206 160
7 224 156
33 191 127
99 237 117
27 251 116
96 257 145
45 260 175
66 276 195
15 273 190
66 276 195
15 273 190
45 260 175
96 257 145
62 312 105
3 325 132
40 339 171
77 335 211
40 339 171
83 343 125
3 325 132
62 312 105
83 343 125
3 325 132
62 312 105
96 257 145
45 260 175
15 273 190
66 276 195
15 273 190
66 276 195
15 273 190
45 260 175
96 257 145
27 251 116
62 312 105
3 325 132
40 339 171
77 335 211
40 339 171
83 343 125
97 449 123
62 312 105
3 325 132
83 343 125
40 339 171
77 335 211
40 339 171
3 325 132
62 312 105
99 237 117
27 251 116
96 257 145
45 260 175
15 273 190
66 276 195
15 273 190
45 260 175
15 273 190
66 276 195
15 273 190
45 260 175
96 257 145
27 251 116
99 237 117
33 191 127
19 196 217
64 211 289
98 225 279
64 211 289
98 225 279
19 196 217
33 191 127
75 206 149
17 206 160
7 224 156
33 191 127
99 237 117
27 251 116
96 257 145
45 260 175
15 273 190
66 276 195
15 273 190
45 260 175
96 257 145
62 312 105
3 325 132
83 343 125
40 339 171
77 335 211
40 339 171
3 325 132
83 343 125
97 449 123
25 543 92
86 550 133
95 591 200
84 573 191
49 556 189
63 555 214
49 556 189
84 573 191
95 591 200
86 550 133
25 543 92
97 449 123
83 343 125
40 339 171
77 335 211
3 325 132
62 312 105
96 257 145
45 260 175
15 273 190
66 276 195
15 273 190
66 276 195
15 273 190
45 260 175
96 257 145
62 312 105
83 343 125
40 339 171
61 342 368
56 340 363
61 342 368
56 340 363
61 342 368
56 340 363
61 342 368
56 340 363
61 342 368
56 340 363
61 342 368
56 340 363
61 342 368
65 299 462
24 479 526
18 497 490
85 474 493
74 506 440
90 506 415
12 517 380
21 518 357
13 505 383
68 500 384
13 505 383
12 517 380
21 518 357
12 517 380
13 505 383
68 500 384
53 517 320
21 518 357
12 517 380
13 505 383
68 500 384
71 482 401
76 492 430
74 506 440
76 492 430
71 482 401
90 506 415
76 492 430
74 506 440
76 492 430
90 506 415
71 482 401
68 500 384
13 505 383
12 517 380
21 518 357
12 517 380
13 505 383
68 500 384
90 506 415
74 506 440
76 492 430
71 482 401
18 497 490
85 474 493
24 479 526
78 512 553
73 555 461
14 590 452
73 555 461
32 567 340
82 578 384
60 559 373
32 567 340
47 568 307
32 567 340
82 578 384
60 559 373
82 578 384
60 559 373
32 567 340
47 568 307
32 567 340
60 559 373
82 578 384
60 559 373
32 567 340
47 568 307
32 567 340
60 559 373
82 578 384
32 567 340
47 568 307
32 567 340
60 559 373
82 578 384
14 590 452
73 555 461
79 596 501
48 686 446
51 633 379
80 719 309
44 697 272
30 706 288
80 719 309
30 706 288
44 697 272
30 706 288
58 671 321
6 638 326
58 671 321
6 638 326
51 633 379
6 638 326
58 671 321
6 638 326
58 671 321
51 633 379
22 661 531
59 606 558
78 512 553
24 479 526
85 474 493
18 497 490
74 506 440
71 482 401
68 500 384
90 506 415
76 492 430
74 506 440
90 506 415
68 500 384
13 505 383
12 517 380
21 518 357
53 517 320
21 518 357
12 517 380
71 482 401
76 492 430
74 506 440
90 506 415
68 500 384
13 505 383
12 517 380
21 518 357
53 517 320
69 508 224
53 517 320
21 518 357
12 517 380
13 505 383
68 500 384
71 482 401
90 506 415
76 492 430
74 506 440
18 497 490
85 474 493
18 497 490
24 479 526
16 409 510
34 436 457
16 409 510
78 512 553
79 596 501
14 590 452
73 555 461
82 578 384
60 559 373
82 578 384
60 559 373
32 567 340
47 568 307
32 567 340
60 559 373
82 578 384
95 591 200
84 573 191
49 556 189
63 555 214
95 591 200
84 573 191
49 556 189
86 550 133
10 629 116
92 686 219
52 634 240
92 686 219
52 634 240
44 697 272
30 706 288
44 697 272
30 706 288
58 671 321
6 638 326
58 671 321
80 719 309
30 706 288
44 697 272
10 629 116
86 550 133
49 556 189
84 573 191
95 591 200
63 555 214
49 556 189
63 555 214
84 573 191
95 591 200
84 573 191
49 556 189
63 555 214
49 556 189
84 573 191
95 591 200
84 573 191
49 556 189
63 555 214
47 568 307
32 567 340
60 559 373
79 596 501
18 497 490
90 506 415
76 492 430
74 506 440
90 506 415
76 492 430
74 506 440
76 492 430
90 506 415
12 517 380
13 505 383
68 500 384
71 482 401
13 505 383
68 500 384
21 518 357
53 517 320
21 518 357
12 517 380
13 505 383
68 500 384
71 482 401
90 506 415
76 492 430
74 506 440
12 517 380
21 518 357
12 517 380
13 505 383
68 500 384
13 505 383
12 517 380
13 505 383
68 500 384
71 482 401
90 506 415
68 500 384
13 505 383
21 518 357
12 517 380
71 482 401
76 492 430
74 506 440
90 506 415
68 500 384
13 505 383
21 518 357
53 517 320
69 508 224
53 517 320
68 500 384
13 505 383
12 517 380
21 518 357
68 500 384
71 482 401
76 492 430
85 474 493
16 409 510
34 436 457
46 431 388
91 429 348
9 388 327
89 399 298
50 402 288
39 396 160
8 433 187
88 434 237
8 433 187
39 396 160
8 433 187
39 396 160
88 434 237
50 402 288
89 399 298
50 402 288
89 399 298
9 388 327
91 429 348
46 431 388
9 388 327
89 399 298
50 402 288
9 388 327
89 399 298
50 402 288
88 434 237
8 433 187
39 396 160
8 433 187
91 429 348
46 431 388
91 429 348
46 431 388
16 409 510
24 479 526
18 497 490
85 474 493
24 479 526
14 590 452
73 555 461
60 559 373
47 568 307
32 567 340
60 559 373
82 578 384
60 559 373
32 567 340
86 550 133
84 573 191
49 556 189
63 555 214
95 591 200
84 573 191
49 556 189
63 555 214
95 591 200
84 573 191
49 556 189
63 555 214
49 556 189
84 573 191
95 591 200
86 550 133
10 629 116
102 602 63
42 614 49
102 602 63
10 629 116
86 550 133
95 591 200
84 573 191
63 555 214
49 556 189
86 550 133
25 543 92
86 550 133
95 591 200
84 573 191
63 555 214
49 556 189
84 573 191
95 591 200
84 573 191
49 556 189
84 573 191
95 591 200
84 573 191
49 556 189
63 555 214
47 568 307
82 578 384
60 559 373
32 567 340
82 578 384
60 559 373
73 555 461
14 590 452
79 596 501
18 497 490
71 482 401
68 500 384
13 505 383
12 517 380
21 518 357
53 517 320
12 517 380
76 492 430
74 506 440
76 492 430
90 506 415
71 482 401
13 505 383
68 500 384
21 518 357
12 517 380
13 505 383
68 500 384
71 482 401
90 506 415
74 506 440
76 492 430
90 506 415
53 517 320
21 518 357
12 517 380
13 505 383
68 500 384
71 482 401
85 474 493
16 409 510
46 431 388
91 429 348
50 402 288
89 399 298
9 388 327
91 429 348
16 409 510
24 479 526
18 497 490
85 474 493
90 506 415
74 506 440
90 506 415
74 506 440
76 492 430
71 482 401
68 500 384
13 505 383
12 517 380
13 505 383
68 500 384
21 518 357
53 517 320
71 482 401
18 497 490
79 596 501
48 686 446
38 681 477
48 686 446
38 681 477
48 686 446
38 681 477
2 680 525
22 661 531
2 680 525
