1 75 110
37 144 137
81 118 94
79 206 109
23 222 205
45 210 302
43 206 343
53 200 370
86 223 379
53 200 370
43 206 343
32 183 383
53 200 370
86 223 379
6 166 404
58 195 437
73 262 431
21 253 378
85 257 376
21 253 378
85 257 376
21 253 378
85 257 376
21 253 378
78 272 280
83 362 279
60 306 271
68 320 312
101 312 321
36 314 334
101 312 321
68 320 312
101 312 321
36 314 334
101 312 321
68 320 312
60 306 271
83 362 279
78 272 280
83 362 279
68 320 312
101 312 321
36 314 334
59 358 381
41 312 434
29 317 477
95 279 436
46 262 436
73 262 431
85 257 376
21 253 378
85 257 376
21 253 378
85 257 376
21 253 378
85 257 376
73 262 431
46 262 436
95 279 436
73 262 431
46 262 436
32 183 383
53 200 370
86 223 379
45 210 302
43 206 343
86 223 379
53 200 370
32 183 383
53 200 370
86 223 379
43 206 343
45 210 302
53 200 370
32 183 383
58 195 437
6 166 404
19 119 413
34 124 327
19 119 413
58 195 437
86 223 379
45 210 302
43 206 343
53 200 370
32 183 383
73 262 431
85 257 376
21 253 378
78 272 280
83 362 279
60 306 271
68 320 312
101 312 321
36 314 334
101 312 321
68 320 312
101 312 321
36 314 334
101 312 321
68 320 312
60 306 271
68 320 312
101 312 321
36 314 334
101 312 321
68 320 312
83 362 279
68 320 312
101 312 321
36 314 334
59 358 381
41 312 434
95 279 436
73 262 431
46 262 436
29 317 477
95 279 436
73 262 431
46 262 436
85 257 376
21 253 378
85 257 376
78 272 280
83 362 279
60 306 271
68 320 312
101 312 321
36 314 334
59 358 381
41 312 434
29 317 477
95 279 436
46 262 436
73 262 431
85 257 376
21 253 378
85 257 376
78 272 280
83 362 279
36 314 334
101 312 321
68 320 312
60 306 271
83 362 279
47 474 274
33 492 314
76 513 340
33 492 314
47 474 274
97 492 258
100 494 234
98 467 225
100 494 234
97 492 258
47 474 274
33 492 314
4 517 250
91 470 175
15 482 171
72 473 116
31 434 116
14 406 238
5 426 339
11 414 367
5 426 339
11 414 367
90 388 417
5 426 339
11 414 367
5 426 339
11 414 367
5 426 339
11 414 367
5 426 339
11 414 367
5 426 339
11 414 367
5 426 339
11 414 367
5 426 339
11 414 367
90 388 417
42 473 541
74 505 527
67 550 492
30 561 521
99 659 508
7 651 463
48 665 425
82 662 430
70 648 413
10 657 384
70 648 413
18 638 332
40 657 231
18 638 332
10 657 384
70 648 413
48 665 425
82 662 430
7 651 463
70 648 413
48 665 425
82 662 430
70 648 413
10 657 384
70 648 413
48 665 425
82 662 430
48 665 425
7 651 463
70 648 413
10 657 384
70 648 413
48 665 425
82 662 430
48 665 425
70 648 413
10 657 384
18 638 332
40 657 231
20 651 163
8 701 216
61 619 285
22 628 275
35 591 279
17 568 255
51 586 227
12 595 226
9 577 153
56 562 165
9 577 153
56 562 165
9 577 153
38 538 108
15 482 171
91 470 175
15 482 171
91 470 175
98 467 225
100 494 234
47 474 274
97 492 258
4 517 250
33 492 314
76 513 340
33 492 314
4 517 250
97 492 258
100 494 234
4 517 250
100 494 234
97 492 258
47 474 274
98 467 225
47 474 274
35 591 279
12 595 226
51 586 227
17 568 255
87 554 271
17 568 255
51 586 227
12 595 226
51 586 227
17 568 255
87 554 271
17 568 255
87 554 271
17 568 255
51 586 227
12 595 226
51 586 227
17 568 255
87 554 271
35 591 279
22 628 275
61 619 285
35 591 279
57 572 324
35 591 279
22 628 275
61 619 285
22 628 275
61 619 285
35 591 279
22 628 275
61 619 285
35 591 279
57 572 324
16 565 364
63 604 354
16 565 364
63 604 354
57 572 324
87 554 271
17 568 255
35 591 279
61 619 285
22 628 275
61 619 285
35 591 279
51 586 227
12 595 226
51 586 227
12 595 226
51 586 227
87 554 271
17 568 255
35 591 279
22 628 275
61 619 285
35 591 279
57 572 324
63 604 354
57 572 324
35 591 279
61 619 285
22 628 275
35 591 279
51 586 227
12 595 226
51 586 227
35 591 279
22 628 275
61 619 285
35 591 279
17 568 255
87 554 271
17 568 255
51 586 227
12 595 226
51 586 227
35 591 279
47 474 274
100 494 234
97 492 258
4 517 250
15 482 171
91 470 175
15 482 171
91 470 175
15 482 171
91 470 175
98 467 225
100 494 234
4 517 250
97 492 258
47 474 274
33 492 314
76 513 340
33 492 314
76 513 340
33 492 314
76 513 340
33 492 314
4 517 250
97 492 258
100 494 234
47 474 274
61 619 285
22 628 275
61 619 285
22 628 275
61 619 285
35 591 279
17 568 255
35 591 279
57 572 324
63 604 354
16 565 364
57 572 324
87 554 271
57 572 324
16 565 364
57 572 324
63 604 354
67 550 492
74 505 527
27 473 445
76 513 340
33 492 314
47 474 274
76 513 340
33 492 314
47 474 274
35 591 279
51 586 227
12 595 226
51 586 227
17 568 255
87 554 271
35 591 279
57 572 324
16 565 364
63 604 354
17 568 255
51 586 227
12 595 226
56 562 165
9 577 153
38 538 108
80 542 94
31 434 116
14 406 238
5 426 339
11 414 367
5 426 339
11 414 367
5 426 339
11 414 367
90 388 417
11 414 367
90 388 417
42 473 541
74 505 527
27 473 445
30 561 521
99 659 508
2 680 525
