1 75 110
57 72 118
1 75 110
31 44 118
29 37 107
49 62 222
23 59 271
49 62 222
57 72 118
1 75 110
54 106 81
60 54 72
31 44 118
29 37 107
31 44 118
60 54 72
57 72 118
54 106 81
31 44 118
29 37 107
23 59 271
35 36 389
40 119 428
44 107 379
40 119 428
6 182 433
41 189 335
26 192 148
11 205 199
26 192 148
39 180 199
11 205 199
26 192 148
11 205 199
39 180 199
11 205 199
26 192 148
59 277 98
34 280 156
59 277 98
13 346 135
20 355 115
13 346 135
20 355 115
59 277 98
34 280 156
32 271 254
33 278 360
32 271 254
33 278 360
32 271 254
59 277 98
26 192 148
39 180 199
11 205 199
39 180 199
41 189 335
6 182 433
36 357 413
51 340 441
55 332 435
38 320 411
24 331 543
51 340 441
55 332 435
53 375 503
22 431 420
53 375 503
55 332 435
38 320 411
55 332 435
36 357 413
51 340 441
55 332 435
36 357 413
38 320 411
6 182 433
40 119 428
44 107 379
40 119 428
6 182 433
55 332 435
24 331 543
55 332 435
53 375 503
22 431 420
52 385 314
37 428 274
61 455 271
4 486 343
15 462 336
4 486 343
15 462 336
45 480 254
17 479 251
45 480 254
17 479 251
45 480 254
17 479 251
45 480 254
15 462 336
4 486 343
61 455 271
37 428 274
52 385 314
10 424 226
37 428 274
61 455 271
37 428 274
10 424 226
37 428 274
61 455 271
37 428 274
10 424 226
37 428 274
61 455 271
4 486 343
15 462 336
45 480 254
17 479 251
45 480 254
43 528 100
19 445 107
20 355 115
13 346 135
14 334 262
36 357 413
55 332 435
53 375 503
22 431 420
53 375 503
47 496 510
3 568 514
42 569 410
21 578 312
58 578 176
21 578 312
58 578 176
21 578 312
42 569 410
3 568 514
27 646 490
12 705 420
48 708 386
18 700 393
9 694 374
50 667 392
46 658 407
50 667 392
9 694 374
8 692 339
5 653 265
30 663 272
25 675 284
7 683 289
25 675 284
30 663 272
5 653 265
30 663 272
25 675 284
7 683 289
8 692 339
62 720 340
48 708 386
18 700 393
12 705 420
27 646 490
3 568 514
21 578 312
42 569 410
3 568 514
27 646 490
46 658 407
62 720 340
8 692 339
7 683 289
25 675 284
30 663 272
5 653 265
30 663 272
25 675 284
7 683 289
8 692 339
9 694 374
50 667 392
46 658 407
50 667 392
46 658 407
9 694 374
18 700 393
48 708 386
8 692 339
7 683 289
25 675 284
30 663 272
5 653 265
30 663 272
7 683 289
62 720 340
48 708 386
18 700 393
12 705 420
27 646 490
3 568 514
47 496 510
4 486 343
15 462 336
4 486 343
15 462 336
4 486 343
15 462 336
4 486 343
15 462 336
4 486 343
15 462 336
4 486 343
17 479 251
45 480 254
17 479 251
45 480 254
17 479 251
45 480 254
17 479 251
45 480 254
17 479 251
45 480 254
15 462 336
4 486 343
61 455 271
37 428 274
52 385 314
10 424 226
37 428 274
61 455 271
52 385 314
61 455 271
4 486 343
45 480 254
43 528 100
19 445 107
20 355 115
13 346 135
20 355 115
13 346 135
20 355 115
19 445 107
43 528 100
19 445 107
20 355 115
13 346 135
14 334 262
36 357 413
38 320 411
55 332 435
51 340 441
36 357 413
51 340 441
55 332 435
38 320 411
55 332 435
51 340 441
55 332 435
38 320 411
36 357 413
55 332 435
51 340 441
55 332 435
53 375 503
22 431 420
37 428 274
10 424 226
37 428 274
61 455 271
37 428 274
61 455 271
4 486 343
15 462 336
4 486 343
61 455 271
37 428 274
52 385 314
37 428 274
61 455 271
37 428 274
10 424 226
37 428 274
61 455 271
37 428 274
61 455 271
4 486 343
15 462 336
4 486 343
15 462 336
17 479 251
45 480 254
4 486 343
61 455 271
37 428 274
10 424 226
37 428 274
52 385 314
37 428 274
10 424 226
37 428 274
61 455 271
4 486 343
15 462 336
45 480 254
17 479 251
45 480 254
17 479 251
45 480 254
43 528 100
19 445 107
20 355 115
13 346 135
59 277 98
34 280 156
59 277 98
34 280 156
59 277 98
13 346 135
14 334 262
13 346 135
59 277 98
26 192 148
39 180 199
11 205 199
39 180 199
26 192 148
11 205 199
39 180 199
26 192 148
39 180 199
11 205 199
26 192 148
59 277 98
34 280 156
59 277 98
26 192 148
41 189 335
11 205 199
39 180 199
26 192 148
59 277 98
13 346 135
20 355 115
13 346 135
20 355 115
19 445 107
43 528 100
15 462 336
4 486 343
15 462 336
45 480 254
17 479 251
45 480 254
17 479 251
45 480 254
4 486 343
15 462 336
4 486 343
61 455 271
37 428 274
10 424 226
37 428 274
61 455 271
37 428 274
52 385 314
61 455 271
37 428 274
10 424 226
37 428 274
52 385 314
22 431 420
53 375 503
55 332 435
36 357 413
51 340 441
55 332 435
38 320 411
6 182 433
41 189 335
6 182 433
44 107 379
56 135 205
44 107 379
40 119 428
6 182 433
39 180 199
11 205 199
39 180 199
26 192 148
11 205 199
39 180 199
11 205 199
26 192 148
59 277 98
33 278 360
32 271 254
34 280 156
59 277 98
34 280 156
59 277 98
13 346 135
20 355 115
1 75 110
54 106 81
1 75 110
57 72 118
31 44 118
29 37 107
60 54 72
29 37 107
31 44 118
57 72 118
1 75 110
54 106 81
1 75 110
57 72 118
49 62 222
23 59 271
49 62 222
23 59 271
35 36 389
40 119 428
56 135 205
44 107 379
40 119 428
6 182 433
26 192 148
39 180 199
11 205 199
39 180 199
41 189 335
6 182 433
55 332 435
53 375 503
22 431 420
53 375 503
3 568 514
27 646 490
2 680 525
