1 75 110
62 143 116
45 151 109
14 207 153
35 203 163
14 207 153
35 203 163
14 207 153
35 203 163
14 207 153
45 151 109
62 143 116
45 151 109
25 161 89
45 151 109
62 143 116
45 151 109
25 161 89
45 151 109
62 143 116
45 151 109
14 207 153
35 203 163
14 207 153
35 203 163
38 221 358
43 214 354
38 221 358
32 198 423
3 254 438
32 198 423
3 254 438
19 281 261
13 274 141
19 281 261
3 254 438
28 353 489
53 323 486
28 353 489
7 372 490
50 424 449
20 436 384
50 424 449
7 372 490
28 353 489
51 352 299
48 326 307
6 320 297
48 326 307
51 352 299
48 326 307
6 320 297
51 352 299
48 326 307
51 352 299
6 320 297
51 352 299
48 326 307
6 320 297
48 326 307
6 320 297
51 352 299
48 326 307
51 352 299
48 326 307
6 320 297
48 326 307
51 352 299
28 353 489
39 552 479
30 596 405
24 545 423
44 571 428
30 596 405
44 571 428
24 545 423
22 603 344
21 570 326
5 550 308
52 555 314
58 565 371
34 563 357
58 565 371
34 563 357
21 570 326
52 555 314
5 550 308
52 555 314
21 570 326
34 563 357
58 565 371
34 563 357
52 555 314
5 550 308
21 570 326
22 603 344
30 596 405
44 571 428
24 545 423
44 571 428
30 596 405
58 565 371
34 563 357
52 555 314
5 550 308
21 570 326
22 603 344
59 564 216
31 584 210
33 579 203
59 564 216
31 584 210
33 579 203
31 584 210
59 564 216
33 579 203
31 584 210
33 579 203
31 584 210
59 564 216
46 616 106
47 631 104
46 616 106
56 479 132
49 514 148
56 479 132
61 495 291
4 464 302
61 495 291
17 435 270
61 495 291
4 464 302
61 495 291
17 435 270
61 495 291
4 464 302
61 495 291
4 464 302
61 495 291
4 464 302
61 495 291
17 435 270
61 495 291
4 464 302
61 495 291
17 435 270
61 495 291
4 464 302
61 495 291
17 435 270
61 495 291
56 479 132
41 435 86
23 418 113
18 391 114
23 418 113
41 435 86
56 479 132
49 514 148
56 479 132
23 418 113
18 391 114
23 418 113
41 435 86
49 514 148
56 479 132
47 631 104
46 616 106
59 564 216
33 579 203
31 584 210
59 564 216
33 579 203
31 584 210
59 564 216
33 579 203
59 564 216
31 584 210
5 550 308
52 555 314
21 570 326
52 555 314
34 563 357
58 565 371
34 563 357
21 570 326
52 555 314
5 550 308
52 555 314
24 545 423
44 571 428
30 596 405
22 603 344
58 565 371
24 545 423
44 571 428
39 552 479
8 565 557
7 372 490
50 424 449
20 436 384
50 424 449
20 436 384
50 424 449
7 372 490
28 353 489
48 326 307
10 329 173
27 342 190
10 329 173
27 342 190
10 329 173
27 342 190
10 329 173
27 342 190
6 320 297
48 326 307
6 320 297
48 326 307
51 352 299
6 320 297
48 326 307
51 352 299
6 320 297
48 326 307
51 352 299
48 326 307
6 320 297
48 326 307
51 352 299
27 342 190
10 329 173
27 342 190
10 329 173
27 342 190
10 329 173
27 342 190
10 329 173
27 342 190
48 326 307
6 320 297
51 352 299
28 353 489
7 372 490
50 424 449
7 372 490
28 353 489
53 323 486
28 353 489
7 372 490
53 323 486
37 304 525
9 257 530
37 304 525
53 323 486
28 353 489
3 254 438
32 198 423
3 254 438
32 198 423
43 214 354
38 221 358
43 214 354
38 221 358
32 198 423
3 254 438
32 198 423
43 214 354
38 221 358
43 214 354
32 198 423
3 254 438
19 281 261
13 274 141
19 281 261
13 274 141
19 281 261
3 254 438
7 372 490
39 552 479
44 571 428
24 545 423
30 596 405
22 603 344
58 565 371
34 563 357
21 570 326
52 555 314
5 550 308
59 564 216
33 579 203
31 584 210
33 579 203
59 564 216
22 603 344
30 596 405
44 571 428
24 545 423
58 565 371
34 563 357
21 570 326
52 555 314
5 550 308
52 555 314
21 570 326
34 563 357
58 565 371
22 603 344
21 570 326
52 555 314
5 550 308
34 563 357
58 565 371
30 596 405
44 571 428
24 545 423
44 571 428
30 596 405
22 603 344
34 563 357
58 565 371
21 570 326
52 555 314
5 550 308
22 603 344
30 596 405
44 571 428
24 545 423
39 552 479
60 627 516
11 640 465
42 705 393
16 655 379
42 705 393
11 640 465
60 627 516
39 552 479
24 545 423
44 571 428
24 545 423
39 552 479
60 627 516
16 655 379
42 705 393
11 640 465
60 627 516
26 662 518
2 680 525
55 678 546
26 662 518
2 680 525
36 713 537
8 565 557
26 662 518
2 680 525
55 678 546
36 713 537
15 679 223
47 631 104
46 616 106
56 479 132
49 514 148
4 464 302
61 495 291
17 435 270
61 495 291
4 464 302
61 495 291
4 464 302
61 495 291
17 435 270
61 495 291
4 464 302
61 495 291
4 464 302
61 495 291
49 514 148
56 479 132
49 514 148
56 479 132
49 514 148
56 479 132
41 435 86
23 418 113
18 391 114
45 151 109
25 161 89
45 151 109
54 66 89
29 39 78
54 66 89
1 75 110
54 66 89
12 68 298
54 66 89
45 151 109
25 161 89
45 151 109
62 143 116
45 151 109
14 207 153
35 203 163
14 207 153
45 151 109
57 126 363
62 143 116
45 151 109
14 207 153
35 203 163
14 207 153
35 203 163
14 207 153
35 203 163
14 207 153
35 203 163
25 161 89
45 151 109
23 418 113
56 479 132
49 514 148
56 479 132
41 435 86
23 418 113
18 391 114
23 418 113
56 479 132
61 495 291
4 464 302
61 495 291
17 435 270
61 495 291
4 464 302
49 514 148
56 479 132
41 435 86
23 418 113
18 391 114
20 436 384
50 424 449
7 372 490
28 353 489
9 257 530
37 304 525
53 323 486
10 329 173
27 342 190
51 352 299
48 326 307
6 320 297
48 326 307
51 352 299
27 342 190
10 329 173
27 342 190
10 329 173
6 320 297
48 326 307
6 320 297
51 352 299
6 320 297
48 326 307
51 352 299
27 342 190
10 329 173
27 342 190
10 329 173
28 353 489
3 254 438
32 198 423
43 214 354
38 221 358
43 214 354
38 221 358
43 214 354
38 221 358
14 207 153
45 151 109
62 143 116
1 75 110
29 39 78
54 66 89
62 143 116
45 151 109
25 161 89
45 151 109
62 143 116
1 75 110
29 39 78
54 66 89
1 75 110
54 66 89
12 68 298
54 66 89
29 39 78
62 143 116
57 126 363
62 143 116
54 66 89
12 68 298
54 66 89
62 143 116
57 126 363
45 151 109
25 161 89
45 151 109
62 143 116
45 151 109
18 391 114
23 418 113
41 435 86
56 479 132
61 495 291
4 464 302
61 495 291
4 464 302
61 495 291
17 435 270
61 495 291
4 464 302
61 495 291
4 464 302
61 495 291
17 435 270
61 495 291
4 464 302
61 495 291
17 435 270
61 495 291
49 514 148
56 479 132
41 435 86
23 418 113
18 391 114
46 616 106
47 631 104
40 652 65
47 631 104
46 616 106
47 631 104
40 652 65
15 679 223
47 631 104
46 616 106
59 564 216
33 579 203
31 584 210
5 550 308
52 555 314
21 570 326
22 603 344
30 596 405
24 545 423
44 571 428
30 596 405
39 552 479
7 372 490
28 353 489
6 320 297
27 342 190
10 329 173
27 342 190
10 329 173
27 342 190
10 329 173
27 342 190
6 320 297
51 352 299
48 326 307
6 320 297
48 326 307
51 352 299
10 329 173
27 342 190
10 329 173
27 342 190
10 329 173
27 342 190
48 326 307
6 320 297
51 352 299
6 320 297
48 326 307
6 320 297
28 353 489
3 254 438
19 281 261
3 254 438
28 353 489
51 352 299
48 326 307
6 320 297
48 326 307
51 352 299
48 326 307
6 320 297
28 353 489
3 254 438
19 281 261
3 254 438
28 353 489
27 342 190
10 329 173
53 323 486
28 353 489
7 372 490
50 424 449
20 436 384
50 424 449
7 372 490
28 353 489
53 323 486
28 353 489
7 372 490
3 254 438
32 198 423
43 214 354
38 221 358
43 214 354
38 221 358
43 214 354
32 198 423
3 254 438
13 274 141
3 254 438
28 353 489
10 329 173
27 342 190
10 329 173
28 353 489
3 254 438
13 274 141
19 281 261
3 254 438
28 353 489
51 352 299
48 326 307
6 320 297
48 326 307
51 352 299
6 320 297
28 353 489
8 565 557
60 627 516
11 640 465
60 627 516
26 662 518
2 680 525
