1 75 110
12 74 99
56 136 137
7 135 187
22 125 184
7 135 187
22 125 184
7 135 187
56 136 137
59 146 116
47 212 133
60 213 179
48 190 229
6 188 316
60 213 179
47 212 133
14 200 114
59 146 116
56 136 137
22 125 184
7 135 187
22 125 184
56 136 137
59 146 116
56 136 137
22 125 184
7 135 187
22 125 184
56 136 137
59 146 116
1 75 110
12 74 99
43 68 175
46 61 219
43 68 175
46 61 219
31 39 369
20 47 390
31 39 369
20 47 390
46 61 219
43 68 175
12 74 99
14 200 114
47 212 133
60 213 179
48 190 229
6 188 316
48 190 229
60 213 179
47 212 133
14 200 114
48 190 229
60 213 179
47 212 133
14 200 114
58 435 127
27 399 164
58 435 127
50 464 121
11 463 114
50 464 121
36 509 166
44 487 227
4 487 295
37 465 267
4 487 295
44 487 227
36 509 166
44 487 227
50 464 121
11 463 114
28 515 89
32 571 158
24 591 173
32 571 158
18 563 239
32 571 158
28 515 89
50 464 121
58 435 127
27 399 164
58 435 127
50 464 121
44 487 227
4 487 295
37 465 267
4 487 295
29 468 372
15 486 377
29 468 372
23 470 437
53 486 433
5 485 490
62 427 538
52 427 426
62 427 538
57 426 542
62 427 538
5 485 490
23 470 437
53 486 433
5 485 490
53 486 433
23 470 437
15 486 377
29 468 372
15 486 377
29 468 372
4 487 295
37 465 267
4 487 295
37 465 267
4 487 295
36 509 166
50 464 121
58 435 127
11 463 114
50 464 121
11 463 114
28 515 89
24 591 173
32 571 158
24 591 173
18 563 239
40 549 327
19 583 379
8 556 441
19 583 379
40 549 327
30 603 362
19 583 379
45 603 404
30 603 362
19 583 379
45 603 404
19 583 379
30 603 362
40 549 327
8 556 441
13 539 536
5 485 490
53 486 433
23 470 437
5 485 490
53 486 433
23 470 437
53 486 433
15 486 377
29 468 372
15 486 377
4 487 295
44 487 227
36 509 166
44 487 227
4 487 295
37 465 267
29 468 372
15 486 377
29 468 372
15 486 377
4 487 295
37 465 267
4 487 295
44 487 227
4 487 295
37 465 267
4 487 295
15 486 377
29 468 372
53 486 433
23 470 437
5 485 490
13 539 536
45 603 404
30 603 362
19 583 379
45 603 404
30 603 362
45 603 404
19 583 379
8 556 441
40 549 327
19 583 379
45 603 404
19 583 379
30 603 362
8 556 441
13 539 536
41 716 565
26 711 538
2 680 525
26 711 538
41 716 565
26 711 538
2 680 525
34 722 462
35 697 436
3 673 390
35 697 436
34 722 462
35 697 436
3 673 390
17 687 267
54 701 218
16 683 141
42 665 74
32 571 158
24 591 173
32 571 158
24 591 173
18 563 239
40 549 327
19 583 379
30 603 362
45 603 404
30 603 362
19 583 379
8 556 441
45 603 404
19 583 379
8 556 441
45 603 404
30 603 362
40 549 327
18 563 239
24 591 173
32 571 158
28 515 89
36 509 166
15 486 377
29 468 372
15 486 377
23 470 437
29 468 372
15 486 377
53 486 433
5 485 490
57 426 542
62 427 538
52 427 426
62 427 538
57 426 542
62 427 538
5 485 490
9 257 506
21 285 528
9 257 506
51 254 301
25 254 310
49 258 320
25 254 310
51 254 301
25 254 310
49 258 320
25 254 310
51 254 301
9 257 506
39 358 360
61 343 187
55 344 219
61 343 187
55 344 219
39 358 360
9 257 506
49 258 320
51 254 301
25 254 310
49 258 320
25 254 310
51 254 301
25 254 310
49 258 320
9 257 506
39 358 360
9 257 506
49 258 320
25 254 310
51 254 301
9 257 506
39 358 360
55 344 219
61 343 187
55 344 219
61 343 187
55 344 219
61 343 187
55 344 219
61 343 187
55 344 219
61 343 187
55 344 219
61 343 187
55 344 219
61 343 187
55 344 219
39 358 360
21 285 528
9 257 506
49 258 320
25 254 310
51 254 301
25 254 310
49 258 320
25 254 310
51 254 301
25 254 310
49 258 320
25 254 310
51 254 301
25 254 310
49 258 320
25 254 310
51 254 301
25 254 310
49 258 320
51 254 301
25 254 310
51 254 301
49 258 320
25 254 310
51 254 301
25 254 310
49 258 320
25 254 310
51 254 301
9 257 506
39 358 360
21 285 528
5 485 490
23 470 437
53 486 433
23 470 437
5 485 490
2 680 525
