1 75 110
52 119 124
1 75 110
44 72 108
43 95 75
44 72 108
1 75 110
52 119 124
12 118 220
4 110 234
12 118 220
4 110 234
52 119 124
1 75 110
44 72 108
43 95 75
52 119 124
28 351 103
45 328 143
23 334 150
45 328 143
23 334 150
40 335 195
46 326 211
40 335 195
23 334 150
45 328 143
23 334 150
40 335 195
46 326 211
28 351 103
6 378 125
29 405 134
8 373 88
62 391 91
8 373 88
6 378 125
29 405 134
6 378 125
28 351 103
8 373 88
62 391 91
6 378 125
28 351 103
45 328 143
23 334 150
40 335 195
46 326 211
23 334 150
45 328 143
28 351 103
6 378 125
29 405 134
8 373 88
6 378 125
29 405 134
6 378 125
62 391 91
8 373 88
28 351 103
23 334 150
45 328 143
40 335 195
46 326 211
40 335 195
23 334 150
45 328 143
28 351 103
62 391 91
16 512 133
11 472 217
16 512 133
41 548 94
3 559 228
49 574 188
3 559 228
49 574 188
3 559 228
49 574 188
3 559 228
20 623 77
56 725 147
50 757 170
56 725 147
38 675 261
36 658 300
35 631 307
36 658 300
38 675 261
30 645 209
36 658 300
35 631 307
36 658 300
38 675 261
35 631 307
36 658 300
51 681 356
39 623 551
31 596 525
19 613 482
31 596 525
57 571 393
18 538 531
27 523 503
61 514 473
5 479 443
7 502 424
10 475 375
7 502 424
5 479 443
7 502 424
10 475 375
5 479 443
7 502 424
61 514 473
26 428 484
54 412 459
26 428 484
54 412 459
55 431 427
54 412 459
26 428 484
54 412 459
55 431 427
54 412 459
26 428 484
54 412 459
55 431 427
54 412 459
26 428 484
61 514 473
10 475 375
5 479 443
7 502 424
61 514 473
27 523 503
14 475 536
18 538 531
59 562 558
31 596 525
19 613 482
27 523 503
61 514 473
27 523 503
18 538 531
57 571 393
18 538 531
14 475 536
26 428 484
54 412 459
55 431 427
54 412 459
26 428 484
61 514 473
11 472 217
10 475 375
5 479 443
7 502 424
61 514 473
27 523 503
14 475 536
26 428 484
54 412 459
17 311 548
9 266 381
15 252 300
9 266 381
48 291 538
17 311 548
21 326 404
37 180 411
21 326 404
60 345 367
21 326 404
60 345 367
21 326 404
60 345 367
21 326 404
48 291 538
17 311 548
9 266 381
15 252 300
22 264 182
15 252 300
9 266 381
15 252 300
9 266 381
15 252 300
9 266 381
15 252 300
22 264 182
15 252 300
9 266 381
15 252 300
22 264 182
15 252 300
48 291 538
26 428 484
14 475 536
27 523 503
61 514 473
7 502 424
5 479 443
7 502 424
10 475 375
7 502 424
5 479 443
61 514 473
7 502 424
5 479 443
10 475 375
7 502 424
5 479 443
61 514 473
27 523 503
18 538 531
57 571 393
3 559 228
49 574 188
3 559 228
49 574 188
41 548 94
16 512 133
20 623 77
56 725 147
30 645 209
36 658 300
51 681 356
36 658 300
35 631 307
36 658 300
35 631 307
38 675 261
30 645 209
56 725 147
20 623 77
16 512 133
41 548 94
3 559 228
49 574 188
3 559 228
49 574 188
41 548 94
16 512 133
11 472 217
16 512 133
8 373 88
62 391 91
29 405 134
6 378 125
28 351 103
45 328 143
23 334 150
40 335 195
46 326 211
40 335 195
46 326 211
40 335 195
23 334 150
45 328 143
28 351 103
6 378 125
8 373 88
62 391 91
29 405 134
6 378 125
52 119 124
12 118 220
4 110 234
12 118 220
4 110 234
12 118 220
4 110 234
12 118 220
4 110 234
12 118 220
52 119 124
1 75 110
44 72 108
1 75 110
52 119 124
43 95 75
44 72 108
1 75 110
52 119 124
1 75 110
47 42 205
34 54 275
42 57 290
32 56 338
53 49 340
25 48 395
32 56 338
53 49 340
42 57 290
34 54 275
47 42 205
34 54 275
42 57 290
34 54 275
32 56 338
53 49 340
32 56 338
25 48 395
32 56 338
53 49 340
42 57 290
34 54 275
42 57 290
32 56 338
53 49 340
25 48 395
32 56 338
53 49 340
42 57 290
34 54 275
47 42 205
1 75 110
44 72 108
1 75 110
44 72 108
43 95 75
52 119 124
28 351 103
46 326 211
40 335 195
23 334 150
45 328 143
23 334 150
40 335 195
46 326 211
21 326 404
60 345 367
21 326 404
17 311 548
48 291 538
17 311 548
48 291 538
17 311 548
48 291 538
17 311 548
54 412 459
55 431 427
26 428 484
54 412 459
55 431 427
54 412 459
26 428 484
14 475 536
5 479 443
7 502 424
10 475 375
61 514 473
27 523 503
18 538 531
59 562 558
31 596 525
19 613 482
39 623 551
2 680 525
18 538 531
27 523 503
61 514 473
5 479 443
7 502 424
10 475 375
61 514 473
26 428 484
48 291 538
17 311 548
48 291 538
17 311 548
21 326 404
60 345 367
21 326 404
37 180 411
24 212 152
13 215 208
24 212 152
13 215 208
24 212 152
13 215 208
37 180 411
21 326 404
60 345 367
21 326 404
48 291 538
17 311 548
54 412 459
55 431 427
26 428 484
14 475 536
5 479 443
10 475 375
7 502 424
61 514 473
11 472 217
16 512 133
62 391 91
29 405 134
6 378 125
52 119 124
43 95 75
44 72 108
1 75 110
52 119 124
4 110 234
12 118 220
4 110 234
12 118 220
4 110 234
12 118 220
4 110 234
12 118 220
4 110 234
12 118 220
4 110 234
12 118 220
4 110 234
12 118 220
52 119 124
43 95 75
44 72 108
1 75 110
52 119 124
12 118 220
4 110 234
12 118 220
4 110 234
12 118 220
4 110 234
12 118 220
4 110 234
12 118 220
4 110 234
52 119 124
1 75 110
44 72 108
34 54 275
42 57 290
34 54 275
42 57 290
53 49 340
32 56 338
25 48 395
53 49 340
32 56 338
34 54 275
42 57 290
34 54 275
58 441 278
34 54 275
47 42 205
43 95 75
44 72 108
1 75 110
52 119 124
4 110 234
12 118 220
4 110 234
52 119 124
28 351 103
16 512 133
20 623 77
33 760 82
56 725 147
51 681 356
39 623 551
14 475 536
59 562 558
31 596 525
2 680 525
51 681 356
38 675 261
56 725 147
50 757 170
56 725 147
20 623 77
16 512 133
41 548 94
16 512 133
11 472 217
16 512 133
41 548 94
49 574 188
3 559 228
49 574 188
20 623 77
56 725 147
30 645 209
38 675 261
35 631 307
36 658 300
35 631 307
38 675 261
30 645 209
56 725 147
50 757 170
33 760 82
20 623 77
49 574 188
3 559 228
57 571 393
3 559 228
49 574 188
3 559 228
41 548 94
16 512 133
62 391 91
8 373 88
62 391 91
6 378 125
28 351 103
8 373 88
62 391 91
6 378 125
29 405 134
28 351 103
23 334 150
45 328 143
23 334 150
40 335 195
46 326 211
40 335 195
60 345 367
21 326 404
37 180 411
13 215 208
24 212 152
13 215 208
24 212 152
13 215 208
24 212 152
13 215 208
24 212 152
13 215 208
37 180 411
13 215 208
24 212 152
13 215 208
24 212 152
13 215 208
37 180 411
21 326 404
48 291 538
22 264 182
15 252 300
9 266 381
17 311 548
48 291 538
26 428 484
27 523 503
18 538 531
59 562 558
39 623 551
19 613 482
31 596 525
59 562 558
18 538 531
14 475 536
27 523 503
61 514 473
26 428 484
54 412 459
55 431 427
54 412 459
26 428 484
55 431 427
26 428 484
54 412 459
48 291 538
17 311 548
48 291 538
17 311 548
21 326 404
60 345 367
28 351 103
52 119 124
43 95 75
1 75 110
44 72 108
1 75 110
52 119 124
1 75 110
47 42 205
34 54 275
42 57 290
32 56 338
53 49 340
32 56 338
25 48 395
53 49 340
32 56 338
34 54 275
42 57 290
34 54 275
47 42 205
34 54 275
53 49 340
25 48 395
53 49 340
32 56 338
42 57 290
34 54 275
58 441 278
34 54 275
53 49 340
32 56 338
53 49 340
42 57 290
34 54 275
42 57 290
34 54 275
42 57 290
32 56 338
53 49 340
32 56 338
53 49 340
25 48 395
32 56 338
53 49 340
42 57 290
34 54 275
42 57 290
34 54 275
42 57 290
34 54 275
47 42 205
1 75 110
28 351 103
62 391 91
8 373 88
29 405 134
6 378 125
28 351 103
45 328 143
23 334 150
40 335 195
46 326 211
40 335 195
23 334 150
45 328 143
23 334 150
45 328 143
23 334 150
40 335 195
46 326 211
40 335 195
23 334 150
45 328 143
28 351 103
6 378 125
29 405 134
62 391 91
8 373 88
16 512 133
10 475 375
7 502 424
5 479 443
61 514 473
27 523 503
14 475 536
18 538 531
27 523 503
5 479 443
7 502 424
61 514 473
14 475 536
26 428 484
48 291 538
17 311 548
21 326 404
37 180 411
24 212 152
13 215 208
24 212 152
13 215 208
37 180 411
21 326 404
48 291 538
22 264 182
48 291 538
21 326 404
37 180 411
13 215 208
37 180 411
21 326 404
48 291 538
15 252 300
9 266 381
48 291 538
21 326 404
60 345 367
46 326 211
40 335 195
28 351 103
29 405 134
6 378 125
8 373 88
52 119 124
1 75 110
47 42 205
34 54 275
58 441 278
34 54 275
47 42 205
1 75 110
6 378 125
29 405 134
6 378 125
28 351 103
21 326 404
60 345 367
21 326 404
60 345 367
21 326 404
60 345 367
21 326 404
60 345 367
21 326 404
60 345 367
21 326 404
60 345 367
48 291 538
15 252 300
9 266 381
48 291 538
21 326 404
60 345 367
28 351 103
44 72 108
34 54 275
58 441 278
34 54 275
42 57 290
32 56 338
53 49 340
25 48 395
32 56 338
53 49 340
42 57 290
34 54 275
32 56 338
25 48 395
32 56 338
53 49 340
34 54 275
47 42 205
1 75 110
52 119 124
1 75 110
44 72 108
28 351 103
6 378 125
29 405 134
55 431 427
26 428 484
54 412 459
55 431 427
26 428 484
61 514 473
5 479 443
10 475 375
14 475 536
61 514 473
7 502 424
5 479 443
7 502 424
5 479 443
7 502 424
5 479 443
10 475 375
11 472 217
16 512 133
28 351 103
1 75 110
47 42 205
34 54 275
58 441 278
34 54 275
42 57 290
32 56 338
53 49 340
32 56 338
53 49 340
32 56 338
44 72 108
1 75 110
52 119 124
62 391 91
29 405 134
6 378 125
8 373 88
62 391 91
16 512 133
41 548 94
16 512 133
11 472 217
16 512 133
41 548 94
56 725 147
30 645 209
38 675 261
36 658 300
35 631 307
38 675 261
36 658 300
35 631 307
36 658 300
38 675 261
30 645 209
38 675 261
35 631 307
36 658 300
51 681 356
56 725 147
20 623 77
49 574 188
3 559 228
49 574 188
57 571 393
18 538 531
27 523 503
5 479 443
61 514 473
26 428 484
54 412 459
55 431 427
26 428 484
54 412 459
55 431 427
54 412 459
48 291 538
9 266 381
22 264 182
15 252 300
9 266 381
15 252 300
48 291 538
21 326 404
37 180 411
13 215 208
24 212 152
37 180 411
21 326 404
48 291 538
22 264 182
48 291 538
21 326 404
37 180 411
24 212 152
13 215 208
37 180 411
21 326 404
48 291 538
22 264 182
48 291 538
21 326 404
37 180 411
24 212 152
13 215 208
24 212 152
13 215 208
37 180 411
21 326 404
48 291 538
26 428 484
61 514 473
10 475 375
7 502 424
5 479 443
27 523 503
19 613 482
2 680 525
