1 75 110
51 163 109
52 195 155
30 180 168
52 195 155
30 180 168
52 195 155
51 163 109
1 75 110
51 163 109
52 195 155
30 180 168
52 195 155
30 180 168
52 195 155
30 180 168
52 195 155
51 163 109
11 310 118
16 280 93
3 266 110
16 280 93
11 310 118
3 266 110
4 269 309
22 281 287
4 269 309
22 281 287
53 274 367
4 269 309
22 281 287
4 269 309
22 281 287
4 269 309
53 274 367
31 273 482
19 341 447
50 329 380
18 314 378
7 317 337
50 329 380
18 314 378
50 329 380
7 317 337
18 314 378
50 329 380
19 341 447
31 273 482
53 274 367
4 269 309
22 281 287
4 269 309
22 281 287
53 274 367
31 273 482
50 329 380
18 314 378
50 329 380
7 317 337
19 341 447
43 124 421
29 129 430
43 124 421
29 129 430
43 124 421
29 129 430
43 124 421
10 127 292
32 147 228
10 127 292
43 124 421
29 129 430
43 124 421
29 129 430
43 124 421
19 341 447
18 314 378
7 317 337
18 314 378
50 329 380
7 317 337
50 329 380
18 314 378
50 329 380
7 317 337
50 329 380
18 314 378
50 329 380
19 341 447
21 339 529
44 334 535
14 324 538
31 273 482
53 274 367
4 269 309
22 281 287
4 269 309
53 274 367
4 269 309
22 281 287
4 269 309
53 274 367
22 281 287
4 269 309
22 281 287
4 269 309
22 281 287
3 266 110
9 435 108
40 435 175
9 435 108
49 533 99
17 518 121
15 480 161
56 475 163
54 477 184
15 480 161
56 475 163
15 480 161
56 475 163
54 477 184
56 475 163
15 480 161
56 475 163
41 470 268
45 509 258
47 515 261
45 509 258
47 515 261
41 470 268
45 509 258
47 515 261
17 518 121
9 435 108
40 435 175
20 396 234
35 414 250
20 396 234
35 414 250
20 396 234
40 435 175
9 435 108
17 518 121
54 477 184
47 515 261
45 509 258
47 515 261
45 509 258
41 470 268
17 518 121
49 533 99
9 435 108
20 396 234
35 414 250
20 396 234
35 414 250
20 396 234
35 414 250
6 406 435
62 478 558
37 521 525
25 497 452
41 470 268
45 509 258
47 515 261
45 509 258
47 515 261
45 509 258
41 470 268
47 515 261
45 509 258
47 515 261
41 470 268
47 515 261
45 509 258
47 515 261
41 470 268
47 515 261
45 509 258
47 515 261
45 509 258
47 515 261
45 509 258
54 477 184
15 480 161
56 475 163
17 518 121
49 533 99
24 583 161
28 594 119
24 583 161
28 594 119
24 583 161
42 594 307
27 599 367
42 594 307
27 599 367
13 580 473
5 624 525
33 648 362
23 691 403
26 678 407
59 657 426
12 712 449
23 691 403
59 657 426
26 678 407
33 648 362
60 646 262
55 653 166
38 673 192
57 705 200
8 713 215
39 693 246
58 693 264
60 646 262
61 700 315
58 693 264
8 713 215
57 705 200
39 693 246
60 646 262
39 693 246
8 713 215
57 705 200
38 673 192
55 653 166
38 673 192
39 693 246
58 693 264
60 646 262
33 648 362
61 700 315
58 693 264
39 693 246
8 713 215
57 705 200
38 673 192
60 646 262
61 700 315
58 693 264
39 693 246
8 713 215
57 705 200
55 653 166
60 646 262
33 648 362
59 657 426
26 678 407
23 691 403
12 712 449
5 624 525
13 580 473
37 521 525
25 497 452
37 521 525
13 580 473
27 599 367
42 594 307
27 599 367
42 594 307
24 583 161
28 594 119
9 435 108
40 435 175
20 396 234
35 414 250
20 396 234
35 414 250
20 396 234
35 414 250
40 435 175
9 435 108
51 163 109
52 195 155
30 180 168
52 195 155
30 180 168
52 195 155
30 180 168
52 195 155
30 180 168
52 195 155
51 163 109
1 75 110
51 163 109
52 195 155
30 180 168
52 195 155
51 163 109
11 310 118
16 280 93
3 266 110
16 280 93
11 310 118
9 435 108
40 435 175
35 414 250
20 396 234
35 414 250
20 396 234
35 414 250
40 435 175
35 414 250
20 396 234
35 414 250
20 396 234
35 414 250
40 435 175
9 435 108
17 518 121
25 497 452
37 521 525
62 478 558
37 521 525
13 580 473
37 521 525
62 478 558
6 406 435
62 478 558
13 580 473
27 599 367
42 594 307
24 583 161
49 533 99
17 518 121
15 480 161
56 475 163
54 477 184
56 475 163
15 480 161
56 475 163
54 477 184
56 475 163
15 480 161
17 518 121
9 435 108
11 310 118
18 314 378
50 329 380
7 317 337
50 329 380
18 314 378
50 329 380
7 317 337
18 314 378
50 329 380
19 341 447
18 314 378
50 329 380
7 317 337
50 329 380
18 314 378
50 329 380
19 341 447
14 324 538
44 334 535
21 339 529
44 334 535
14 324 538
44 334 535
21 339 529
19 341 447
50 329 380
7 317 337
18 314 378
50 329 380
19 341 447
14 324 538
44 334 535
21 339 529
44 334 535
14 324 538
44 334 535
21 339 529
31 273 482
19 341 447
18 314 378
50 329 380
7 317 337
50 329 380
19 341 447
21 339 529
44 334 535
14 324 538
44 334 535
21 339 529
44 334 535
14 324 538
53 274 367
4 269 309
22 281 287
3 266 110
51 163 109
52 195 155
30 180 168
52 195 155
51 163 109
1 75 110
3 266 110
16 280 93
11 310 118
9 435 108
17 518 121
56 475 163
15 480 161
54 477 184
56 475 163
15 480 161
41 470 268
45 509 258
47 515 261
45 509 258
25 497 452
37 521 525
62 478 558
6 406 435
62 478 558
37 521 525
13 580 473
27 599 367
42 594 307
24 583 161
49 533 99
17 518 121
49 533 99
28 594 119
49 533 99
17 518 121
49 533 99
17 518 121
49 533 99
17 518 121
49 533 99
15 480 161
56 475 163
54 477 184
15 480 161
56 475 163
15 480 161
56 475 163
54 477 184
15 480 161
56 475 163
15 480 161
56 475 163
47 515 261
45 509 258
47 515 261
41 470 268
47 515 261
45 509 258
47 515 261
45 509 258
47 515 261
41 470 268
47 515 261
45 509 258
47 515 261
45 509 258
47 515 261
41 470 268
37 521 525
13 580 473
2 680 525
36 678 522
12 712 449
23 691 403
26 678 407
59 657 426
23 691 403
26 678 407
61 700 315
8 713 215
39 693 246
55 653 166
38 673 192
57 705 200
8 713 215
39 693 246
58 693 264
39 693 246
8 713 215
57 705 200
38 673 192
55 653 166
38 673 192
60 646 262
39 693 246
8 713 215
57 705 200
38 673 192
55 653 166
38 673 192
60 646 262
33 648 362
59 657 426
26 678 407
23 691 403
26 678 407
12 712 449
5 624 525
48 666 539
36 678 522
2 680 525
36 678 522
61 700 315
58 693 264
39 693 246
58 693 264
8 713 215
57 705 200
8 713 215
60 646 262
38 673 192
55 653 166
38 673 192
57 705 200
8 713 215
39 693 246
60 646 262
58 693 264
61 700 315
33 648 362
26 678 407
23 691 403
59 657 426
12 712 449
36 678 522
2 680 525
48 666 539
5 624 525
13 580 473
27 599 367
42 594 307
24 583 161
28 594 119
49 533 99
17 518 121
9 435 108
40 435 175
20 396 234
35 414 250
20 396 234
40 435 175
9 435 108
17 518 121
56 475 163
15 480 161
54 477 184
56 475 163
15 480 161
41 470 268
45 509 258
47 515 261
41 470 268
45 509 258
41 470 268
45 509 258
47 515 261
54 477 184
56 475 163
15 480 161
17 518 121
49 533 99
24 583 161
28 594 119
24 583 161
49 533 99
9 435 108
11 310 118
19 341 447
18 314 378
50 329 380
7 317 337
50 329 380
18 314 378
7 317 337
50 329 380
19 341 447
43 124 421
29 129 430
43 124 421
10 127 292
32 147 228
10 127 292
32 147 228
10 127 292
43 124 421
29 129 430
43 124 421
29 129 430
43 124 421
29 129 430
43 124 421
29 129 430
43 124 421
10 127 292
32 147 228
10 127 292
32 147 228
10 127 292
32 147 228
10 127 292
43 124 421
29 129 430
43 124 421
19 341 447
44 334 535
21 339 529
44 334 535
14 324 538
44 334 535
21 339 529
44 334 535
14 324 538
31 273 482
53 274 367
4 269 309
22 281 287
4 269 309
53 274 367
4 269 309
22 281 287
4 269 309
53 274 367
31 273 482
37 521 525
62 478 558
37 521 525
25 497 452
37 521 525
13 580 473
36 678 522
2 680 525
