1 75 110
26 152 124
28 170 99
22 186 162
28 170 99
26 152 124
61 275 111
26 152 124
28 170 99
22 186 162
28 170 99
26 152 124
1 75 110
16 42 158
41 40 181
15 42 196
58 53 224
15 42 196
41 40 181
16 42 158
1 75 110
26 152 124
28 170 99
26 152 124
28 170 99
1 75 110
16 42 158
41 40 181
15 42 196
41 40 181
16 42 158
41 40 181
15 42 196
5 61 365
11 56 365
5 61 365
49 48 379
5 61 365
11 56 365
49 48 379
5 61 365
11 56 365
49 48 379
36 71 417
9 131 386
38 127 383
9 131 386
38 127 383
6 143 308
48 127 289
43 99 306
6 143 308
43 99 306
48 127 289
6 143 308
43 99 306
6 143 308
48 127 289
17 146 234
6 143 308
48 127 289
43 99 306
6 143 308
48 127 289
17 146 234
48 127 289
43 99 306
38 127 383
9 131 386
38 127 383
9 131 386
38 127 383
21 121 425
36 71 417
49 48 379
11 56 365
5 61 365
58 53 224
16 42 158
41 40 181
15 42 196
58 53 224
1 75 110
58 53 224
36 71 417
21 121 425
9 131 386
38 127 383
9 131 386
21 121 425
52 331 436
29 307 444
24 316 399
52 331 436
10 348 455
29 307 444
24 316 399
52 331 436
10 348 455
52 331 436
24 316 399
52 331 436
10 348 455
52 331 436
29 307 444
18 422 525
12 414 498
13 453 507
12 414 498
18 422 525
25 450 560
50 511 344
55 485 329
50 511 344
55 485 329
50 511 344
34 514 250
23 419 293
45 404 286
23 419 293
30 405 226
45 404 286
23 419 293
45 404 286
23 419 293
45 404 286
30 405 226
57 397 141
30 405 226
45 404 286
23 419 293
34 514 250
32 477 138
34 514 250
23 419 293
57 397 141
30 405 226
23 419 293
34 514 250
32 477 138
34 514 250
23 419 293
45 404 286
30 405 226
57 397 141
30 405 226
23 419 293
34 514 250
50 511 344
55 485 329
50 511 344
34 514 250
50 511 344
55 485 329
50 511 344
55 485 329
50 511 344
55 485 329
50 511 344
55 485 329
50 511 344
34 514 250
23 419 293
45 404 286
23 419 293
45 404 286
23 419 293
12 414 498
13 453 507
7 568 528
60 586 442
40 567 390
31 591 327
40 567 390
60 586 442
3 610 523
35 638 527
54 676 476
42 672 359
4 702 352
39 703 350
4 702 352
42 672 359
8 655 270
42 672 359
4 702 352
39 703 350
4 702 352
42 672 359
14 719 241
27 708 182
44 707 208
37 673 190
20 688 209
8 655 270
39 703 350
4 702 352
42 672 359
54 676 476
35 638 527
3 610 523
7 568 528
47 587 523
60 586 442
40 567 390
31 591 327
40 567 390
60 586 442
3 610 523
2 680 525
