1 75 110
58 45 143
1 75 110
5 42 78
58 45 143
37 72 252
58 45 143
1 75 110
5 42 78
1 75 110
29 351 105
53 374 93
32 447 109
28 508 126
18 509 150
59 495 176
7 501 220
16 513 315
24 518 452
52 483 479
12 541 478
61 570 504
30 565 444
8 565 376
9 584 285
46 523 279
9 584 285
8 565 376
30 565 444
61 570 504
52 483 479
62 482 484
52 483 479
24 518 452
47 465 421
16 513 315
59 495 176
18 509 150
28 508 126
48 509 102
32 447 109
53 374 93
29 351 105
53 374 93
32 447 109
18 509 150
59 495 176
18 509 150
28 508 126
48 509 102
28 508 126
18 509 150
59 495 176
7 501 220
59 495 176
18 509 150
28 508 126
48 509 102
32 447 109
36 589 95
44 601 196
45 561 203
9 584 285
46 523 279
9 584 285
45 561 203
44 601 196
45 561 203
44 601 196
45 561 203
9 584 285
46 523 279
9 584 285
44 601 196
36 589 95
3 621 82
60 637 88
40 677 160
56 680 177
42 660 169
17 643 181
27 705 202
15 711 205
27 705 202
40 677 160
42 660 169
17 643 181
56 680 177
40 677 160
42 660 169
17 643 181
27 705 202
15 711 205
27 705 202
40 677 160
56 680 177
42 660 169
17 643 181
42 660 169
56 680 177
40 677 160
27 705 202
15 711 205
35 646 376
57 676 372
20 648 433
21 655 484
55 602 519
30 565 444
61 570 504
12 541 478
52 483 479
62 482 484
24 518 452
54 507 553
34 434 546
62 482 484
6 257 493
33 266 522
13 276 559
50 302 547
41 290 481
6 257 493
33 266 522
50 302 547
13 276 559
23 260 315
14 279 162
23 260 315
6 257 493
33 266 522
41 290 481
50 302 547
13 276 559
33 266 522
6 257 493
41 290 481
6 257 493
33 266 522
13 276 559
50 302 547
6 257 493
41 290 481
6 257 493
33 266 522
6 257 493
41 290 481
33 266 522
13 276 559
50 302 547
41 290 481
52 483 479
47 465 421
16 513 315
7 501 220
59 495 176
18 509 150
32 447 109
29 351 105
53 374 93
29 351 105
53 374 93
32 447 109
28 508 126
48 509 102
28 508 126
18 509 150
59 495 176
7 501 220
18 509 150
28 508 126
48 509 102
18 509 150
16 513 315
24 518 452
52 483 479
61 570 504
55 602 519
21 655 484
20 648 433
57 676 372
35 646 376
57 676 372
35 646 376
20 648 433
21 655 484
55 602 519
8 565 376
9 584 285
44 601 196
45 561 203
44 601 196
9 584 285
46 523 279
9 584 285
45 561 203
44 601 196
36 589 95
10 588 94
36 589 95
3 621 82
60 637 88
17 643 181
42 660 169
40 677 160
36 589 95
10 588 94
36 589 95
3 621 82
36 589 95
10 588 94
60 637 88
51 721 74
19 752 162
56 680 177
27 705 202
15 711 205
57 676 372
21 655 484
55 602 519
26 589 537
22 658 534
2 680 525
22 658 534
30 565 444
61 570 504
12 541 478
52 483 479
47 465 421
52 483 479
62 482 484
24 518 452
16 513 315
7 501 220
59 495 176
18 509 150
28 508 126
32 447 109
53 374 93
29 351 105
48 509 102
10 588 94
36 589 95
3 621 82
60 637 88
3 621 82
45 561 203
44 601 196
9 584 285
46 523 279
9 584 285
8 565 376
30 565 444
61 570 504
12 541 478
34 434 546
54 507 553
41 290 481
23 260 315
14 279 162
23 260 315
14 279 162
23 260 315
41 290 481
6 257 493
33 266 522
13 276 559
50 302 547
6 257 493
41 290 481
33 266 522
6 257 493
13 276 559
41 290 481
6 257 493
33 266 522
50 302 547
29 351 105
53 374 93
29 351 105
53 374 93
29 351 105
1 75 110
58 45 143
5 42 78
1 75 110
58 45 143
37 72 252
58 45 143
1 75 110
5 42 78
1 75 110
58 45 143
11 66 286
25 43 356
11 66 286
25 43 356
11 66 286
58 45 143
1 75 110
5 42 78
37 72 252
58 45 143
1 75 110
5 42 78
1 75 110
29 351 105
53 374 93
32 447 109
18 509 150
59 495 176
7 501 220
16 513 315
47 465 421
52 483 479
62 482 484
34 434 546
54 507 553
24 518 452
52 483 479
12 541 478
61 570 504
30 565 444
8 565 376
9 584 285
46 523 279
9 584 285
45 561 203
36 589 95
28 508 126
18 509 150
7 501 220
59 495 176
18 509 150
28 508 126
48 509 102
36 589 95
9 584 285
8 565 376
30 565 444
61 570 504
12 541 478
52 483 479
62 482 484
52 483 479
24 518 452
52 483 479
62 482 484
52 483 479
34 434 546
54 507 553
12 541 478
61 570 504
30 565 444
61 570 504
55 602 519
21 655 484
57 676 372
35 646 376
21 655 484
55 602 519
26 589 537
62 482 484
52 483 479
47 465 421
52 483 479
62 482 484
34 434 546
24 518 452
16 513 315
7 501 220
59 495 176
18 509 150
28 508 126
32 447 109
29 351 105
53 374 93
29 351 105
1 75 110
58 45 143
11 66 286
25 43 356
11 66 286
25 43 356
11 66 286
25 43 356
25 43 356
11 66 286
25 43 356
11 66 286
58 45 143
1 75 110
29 351 105
53 374 93
32 447 109
48 509 102
32 447 109
53 374 93
29 351 105
53 374 93
32 447 109
18 509 150
7 501 220
16 513 315
24 518 452
52 483 479
62 482 484
12 541 478
61 570 504
8 565 376
9 584 285
44 601 196
45 561 203
36 589 95
19 752 162
40 677 160
15 711 205
27 705 202
56 680 177
42 660 169
17 643 181
42 660 169
40 677 160
56 680 177
27 705 202
15 711 205
51 721 74
19 752 162
56 680 177
35 646 376
57 676 372
20 648 433
35 646 376
57 676 372
35 646 376
57 676 372
20 648 433
35 646 376
57 676 372
35 646 376
20 648 433
21 655 484
12 541 478
62 482 484
52 483 479
24 518 452
47 465 421
24 518 452
52 483 479
62 482 484
12 541 478
61 570 504
9 584 285
46 523 279
9 584 285
44 601 196
45 561 203
44 601 196
36 589 95
10 588 94
3 621 82
60 637 88
17 643 181
42 660 169
56 680 177
40 677 160
27 705 202
15 711 205
27 705 202
56 680 177
17 643 181
42 660 169
40 677 160
42 660 169
17 643 181
42 660 169
40 677 160
56 680 177
40 677 160
36 589 95
28 508 126
18 509 150
28 508 126
18 509 150
59 495 176
7 501 220
16 513 315
47 465 421
52 483 479
62 482 484
33 266 522
13 276 559
50 302 547
13 276 559
33 266 522
6 257 493
41 290 481
23 260 315
14 279 162
23 260 315
41 290 481
6 257 493
33 266 522
50 302 547
13 276 559
33 266 522
52 483 479
62 482 484
12 541 478
61 570 504
30 565 444
9 584 285
46 523 279
9 584 285
36 589 95
32 447 109
53 374 93
29 351 105
1 75 110
58 45 143
11 66 286
25 43 356
11 66 286
58 45 143
1 75 110
29 351 105
32 447 109
18 509 150
59 495 176
7 501 220
59 495 176
18 509 150
28 508 126
48 509 102
32 447 109
53 374 93
29 351 105
53 374 93
29 351 105
36 589 95
44 601 196
45 561 203
9 584 285
8 565 376
30 565 444
22 658 534
2 680 525
