1 75 110
9 123 117
61 140 111
45 145 98
61 140 111
9 123 117
61 140 111
45 145 98
1 75 110
50 52 63
1 75 110
9 123 117
61 140 111
45 145 98
61 140 111
9 123 117
28 113 271
22 160 273
28 113 271
8 92 279
28 113 271
22 160 273
28 113 271
54 138 371
28 113 271
8 92 279
28 113 271
22 160 273
28 113 271
8 92 279
22 160 273
28 113 271
8 92 279
28 113 271
54 138 371
28 113 271
22 160 273
28 113 271
8 92 279
28 113 271
9 123 117
61 140 111
45 145 98
9 123 117
61 140 111
45 145 98
1 75 110
50 52 63
27 59 251
36 48 400
41 273 436
47 261 254
41 273 436
48 340 462
33 325 382
48 340 462
42 280 532
16 317 557
48 340 462
33 325 382
48 340 462
41 273 436
42 280 532
5 440 503
21 408 490
39 416 455
12 407 383
38 398 332
12 407 383
39 416 455
5 440 503
32 489 454
5 440 503
21 408 490
39 416 455
5 440 503
21 408 490
39 416 455
12 407 383
38 398 332
12 407 383
38 398 332
24 426 247
43 403 103
23 438 126
11 487 106
14 484 151
49 496 148
14 484 151
60 474 199
31 510 258
55 453 280
31 510 258
52 469 237
60 474 199
11 487 106
23 438 126
43 403 103
23 438 126
17 321 86
19 330 159
17 321 86
19 330 159
17 321 86
19 330 159
33 325 382
48 340 462
41 273 436
47 261 254
42 280 532
5 440 503
39 416 455
21 408 490
5 440 503
32 489 454
51 550 551
3 556 506
25 554 414
20 563 417
25 554 414
56 572 319
25 554 414
20 563 417
25 554 414
20 563 417
25 554 414
20 563 417
25 554 414
20 563 417
25 554 414
20 563 417
3 556 506
21 408 490
5 440 503
39 416 455
12 407 383
38 398 332
12 407 383
38 398 332
12 407 383
39 416 455
21 408 490
5 440 503
32 489 454
34 473 354
52 469 237
31 510 258
55 453 280
31 510 258
60 474 199
52 469 237
31 510 258
40 504 317
34 473 354
40 504 317
55 453 280
31 510 258
40 504 317
34 473 354
40 504 317
55 453 280
31 510 258
60 474 199
52 469 237
31 510 258
40 504 317
31 510 258
55 453 280
40 504 317
34 473 354
40 504 317
31 510 258
52 469 237
60 474 199
49 496 148
14 484 151
18 539 118
59 569 117
26 575 169
58 583 200
26 575 169
59 569 117
18 539 118
53 509 102
11 487 106
43 403 103
24 426 247
12 407 383
38 398 332
43 403 103
23 438 126
11 487 106
49 496 148
14 484 151
52 469 237
60 474 199
14 484 151
11 487 106
23 438 126
43 403 103
23 438 126
43 403 103
23 438 126
17 321 86
19 330 159
17 321 86
23 438 126
43 403 103
24 426 247
38 398 332
12 407 383
39 416 455
21 408 490
42 280 532
41 273 436
48 340 462
33 325 382
48 340 462
41 273 436
42 280 532
16 317 557
42 280 532
48 340 462
33 325 382
48 340 462
33 325 382
48 340 462
41 273 436
48 340 462
41 273 436
48 340 462
41 273 436
48 340 462
16 317 557
42 280 532
5 440 503
3 556 506
51 550 551
7 596 536
15 614 532
7 596 536
51 550 551
3 556 506
20 563 417
25 554 414
56 572 319
58 583 200
26 575 169
10 579 119
59 569 117
18 539 118
53 509 102
11 487 106
23 438 126
43 403 103
23 438 126
11 487 106
14 484 151
49 496 148
14 484 151
60 474 199
52 469 237
31 510 258
55 453 280
40 504 317
34 473 354
32 489 454
5 440 503
21 408 490
39 416 455
12 407 383
38 398 332
24 426 247
43 403 103
10 579 119
26 575 169
58 583 200
26 575 169
58 583 200
56 572 319
20 563 417
25 554 414
20 563 417
25 554 414
20 563 417
25 554 414
20 563 417
25 554 414
56 572 319
58 583 200
59 569 117
18 539 118
49 496 148
14 484 151
49 496 148
14 484 151
60 474 199
52 469 237
31 510 258
40 504 317
31 510 258
52 469 237
60 474 199
49 496 148
14 484 151
18 539 118
59 569 117
53 509 102
11 487 106
23 438 126
43 403 103
23 438 126
11 487 106
18 539 118
59 569 117
10 579 119
59 569 117
18 539 118
53 509 102
49 496 148
14 484 151
52 469 237
31 510 258
40 504 317
55 453 280
44 677 272
35 650 219
46 723 274
44 677 272
46 723 274
44 677 272
35 650 219
44 677 272
13 653 342
44 677 272
35 650 219
46 723 274
44 677 272
13 653 342
46 723 274
35 650 219
44 677 272
13 653 342
46 723 274
44 677 272
35 650 219
44 677 272
13 653 342
2 680 525
15 614 532
7 596 536
3 556 506
20 563 417
25 554 414
56 572 319
58 583 200
26 575 169
10 579 119
59 569 117
18 539 118
53 509 102
43 403 103
23 438 126
11 487 106
49 496 148
14 484 151
60 474 199
52 469 237
31 510 258
40 504 317
34 473 354
40 504 317
55 453 280
31 510 258
52 469 237
60 474 199
52 469 237
31 510 258
40 504 317
34 473 354
40 504 317
34 473 354
40 504 317
55 453 280
31 510 258
52 469 237
60 474 199
14 484 151
49 496 148
11 487 106
23 438 126
43 403 103
61 140 111
9 123 117
45 145 98
1 75 110
50 52 63
27 59 251
36 48 400
41 273 436
48 340 462
33 325 382
48 340 462
41 273 436
48 340 462
42 280 532
16 317 557
42 280 532
21 408 490
39 416 455
12 407 383
38 398 332
12 407 383
38 398 332
24 426 247
43 403 103
61 140 111
45 145 98
61 140 111
50 52 63
1 75 110
9 123 117
45 145 98
61 140 111
28 113 271
8 92 279
22 160 273
28 113 271
54 138 371
28 113 271
8 92 279
28 113 271
22 160 273
28 113 271
8 92 279
22 160 273
28 113 271
54 138 371
28 113 271
22 160 273
28 113 271
8 92 279
22 160 273
28 113 271
54 138 371
28 113 271
22 160 273
28 113 271
8 92 279
28 113 271
22 160 273
28 113 271
54 138 371
28 113 271
8 92 279
28 113 271
22 160 273
55 453 280
40 504 317
34 473 354
32 489 454
5 440 503
39 416 455
21 408 490
5 440 503
32 489 454
34 473 354
40 504 317
55 453 280
31 510 258
52 469 237
60 474 199
14 484 151
49 496 148
11 487 106
53 509 102
18 539 118
59 569 117
10 579 119
26 575 169
58 583 200
26 575 169
59 569 117
53 509 102
11 487 106
14 484 151
49 496 148
53 509 102
18 539 118
59 569 117
10 579 119
59 569 117
18 539 118
49 496 148
14 484 151
49 496 148
11 487 106
53 509 102
18 539 118
59 569 117
26 575 169
58 583 200
56 572 319
25 554 414
20 563 417
25 554 414
20 563 417
3 556 506
5 440 503
32 489 454
5 440 503
21 408 490
39 416 455
21 408 490
5 440 503
32 489 454
5 440 503
38 398 332
24 426 247
43 403 103
23 438 126
11 487 106
53 509 102
14 484 151
49 496 148
60 474 199
52 469 237
31 510 258
55 453 280
40 504 317
34 473 354
31 510 258
49 496 148
18 539 118
59 569 117
10 579 119
26 575 169
58 583 200
26 575 169
59 569 117
10 579 119
59 569 117
18 539 118
53 509 102
43 403 103
38 398 332
12 407 383
38 398 332
12 407 383
39 416 455
21 408 490
42 280 532
33 325 382
48 340 462
41 273 436
48 340 462
41 273 436
42 280 532
5 440 503
51 550 551
3 556 506
20 563 417
25 554 414
56 572 319
58 583 200
26 575 169
59 569 117
18 539 118
53 509 102
18 539 118
59 569 117
26 575 169
10 579 119
18 539 118
49 496 148
14 484 151
11 487 106
23 438 126
11 487 106
52 469 237
31 510 258
55 453 280
40 504 317
34 473 354
40 504 317
55 453 280
46 723 274
35 650 219
44 677 272
13 653 342
44 677 272
46 723 274
35 650 219
44 677 272
13 653 342
44 677 272
46 723 274
13 653 342
44 677 272
55 453 280
31 510 258
49 496 148
14 484 151
49 496 148
11 487 106
43 403 103
23 438 126
11 487 106
60 474 199
14 484 151
49 496 148
11 487 106
43 403 103
24 426 247
38 398 332
12 407 383
39 416 455
21 408 490
5 440 503
39 416 455
12 407 383
38 398 332
12 407 383
39 416 455
5 440 503
32 489 454
51 550 551
7 596 536
15 614 532
3 556 506
51 550 551
3 556 506
7 596 536
15 614 532
2 680 525
44 677 272
35 650 219
13 653 342
44 677 272
35 650 219
46 723 274
44 677 272
13 653 342
44 677 272
35 650 219
13 653 342
44 677 272
46 723 274
15 614 532
7 596 536
3 556 506
5 440 503
42 280 532
16 317 557
42 280 532
41 273 436
48 340 462
33 325 382
48 340 462
41 273 436
47 261 254
47 261 254
41 273 436
36 48 400
27 59 251
50 52 63
1 75 110
9 123 117
61 140 111
45 145 98
61 140 111
9 123 117
1 75 110
50 52 63
9 123 117
45 145 98
61 140 111
45 145 98
9 123 117
43 403 103
11 487 106
60 474 199
52 469 237
60 474 199
49 496 148
18 539 118
59 569 117
58 583 200
26 575 169
10 579 119
59 569 117
18 539 118
53 509 102
49 496 148
14 484 151
11 487 106
23 438 126
17 321 86
19 330 159
17 321 86
19 330 159
48 340 462
41 273 436
47 261 254
47 261 254
41 273 436
36 48 400
27 59 251
36 48 400
41 273 436
47 261 254
41 273 436
16 317 557
42 280 532
21 408 490
12 407 383
38 398 332
12 407 383
39 416 455
5 440 503
3 556 506
2 680 525
