1 75 110
15 67 147
51 58 89
5 57 64
22 150 177
40 110 304
47 146 299
40 110 304
47 146 299
42 147 428
57 238 431
21 200 363
20 191 260
21 200 363
57 238 431
19 266 434
53 351 392
12 340 363
10 337 316
33 317 231
10 337 316
12 340 363
53 351 392
12 340 363
53 351 392
37 332 488
23 403 501
13 468 481
23 403 501
13 468 481
28 466 360
58 462 414
28 466 360
58 462 414
28 466 360
48 501 204
35 467 220
48 501 204
31 496 182
3 513 153
49 520 148
3 513 153
31 496 182
48 501 204
31 496 182
3 513 153
49 520 148
3 513 153
31 496 182
48 501 204
35 467 220
44 541 98
8 553 101
44 541 98
8 553 101
44 541 98
8 553 101
61 599 190
26 568 195
61 599 190
8 553 101
44 541 98
9 455 93
39 389 94
18 360 121
33 317 231
10 337 316
12 340 363
53 351 392
19 266 434
57 238 431
19 266 434
37 332 488
17 317 518
23 403 501
55 394 361
23 403 501
13 468 481
23 403 501
37 332 488
17 317 518
11 282 556
19 266 434
57 238 431
21 200 363
20 191 260
21 200 363
57 238 431
42 147 428
47 146 299
40 110 304
22 150 177
5 57 64
14 108 67
5 57 64
51 58 89
1 75 110
15 67 147
51 58 89
5 57 64
14 108 67
5 57 64
51 58 89
18 360 121
39 389 94
60 617 115
52 659 90
24 661 91
32 692 112
6 674 215
46 695 297
16 699 299
41 660 343
38 672 375
34 669 392
38 672 375
54 695 373
50 686 433
43 693 473
56 630 498
30 654 545
2 680 525
27 698 513
2 680 525
59 704 547
36 553 551
45 600 439
25 590 424
45 600 439
25 590 424
45 600 439
25 590 424
45 600 439
25 590 424
45 600 439
25 590 424
45 600 439
7 487 531
36 553 551
56 630 498
50 686 433
54 695 373
43 693 473
27 698 513
2 680 525
30 654 545
59 704 547
27 698 513
43 693 473
54 695 373
16 699 299
46 695 297
6 674 215
32 692 112
4 752 173
29 717 55
32 692 112
52 659 90
24 661 91
52 659 90
60 617 115
52 659 90
24 661 91
32 692 112
6 674 215
46 695 297
16 699 299
46 695 297
41 660 343
38 672 375
54 695 373
34 669 392
38 672 375
54 695 373
50 686 433
43 693 473
56 630 498
2 680 525
27 698 513
2 680 525
30 654 545
59 704 547
2 680 525
56 630 498
36 553 551
58 462 414
28 466 360
58 462 414
48 501 204
35 467 220
44 541 98
61 599 190
26 568 195
61 599 190
26 568 195
61 599 190
26 568 195
61 599 190
26 568 195
61 599 190
26 568 195
61 599 190
26 568 195
61 599 190
26 568 195
61 599 190
26 568 195
61 599 190
8 553 101
44 541 98
35 467 220
48 501 204
31 496 182
3 513 153
49 520 148
9 455 93
39 389 94
55 394 361
23 403 501
13 468 481
28 466 360
58 462 414
36 553 551
30 654 545
2 680 525
