1 75 110
49 107 108
38 105 137
49 107 108
38 105 137
49 107 108
1 75 110
46 59 153
9 52 210
46 59 153
1 75 110
49 107 108
38 105 137
49 107 108
1 75 110
46 59 153
9 52 210
15 60 302
59 47 333
52 37 393
55 60 430
35 117 419
44 131 357
35 117 419
29 189 424
39 176 327
10 222 290
28 189 255
21 198 225
6 180 183
7 207 174
6 180 183
21 198 225
28 189 255
10 222 290
28 189 255
21 198 225
7 207 174
6 180 183
7 207 174
21 198 225
28 189 255
10 222 290
39 176 327
29 189 424
35 117 419
44 131 357
35 117 419
55 60 430
52 37 393
59 47 333
15 60 302
9 52 210
46 59 153
1 75 110
49 107 108
38 105 137
49 107 108
1 75 110
3 59 47
46 59 153
9 52 210
15 60 302
59 47 333
52 37 393
35 117 419
29 189 424
39 176 327
28 189 255
21 198 225
6 180 183
48 180 67
6 180 183
7 207 174
6 180 183
21 198 225
28 189 255
10 222 290
39 176 327
29 189 424
39 176 327
10 222 290
28 189 255
21 198 225
28 189 255
10 222 290
39 176 327
28 189 255
21 198 225
28 189 255
21 198 225
7 207 174
6 180 183
7 207 174
6 180 183
7 207 174
6 180 183
21 198 225
28 189 255
21 198 225
7 207 174
21 198 225
6 180 183
7 207 174
21 198 225
28 189 255
10 222 290
29 189 424
35 117 419
44 131 357
35 117 419
55 60 430
52 37 393
59 47 333
15 60 302
59 47 333
15 60 302
52 37 393
55 60 430
35 117 419
44 131 357
35 117 419
55 60 430
52 37 393
59 47 333
15 60 302
59 47 333
15 60 302
59 47 333
15 60 302
52 37 393
55 60 430
52 37 393
55 60 430
52 37 393
59 47 333
15 60 302
59 47 333
15 60 302
9 52 210
1 75 110
49 107 108
38 105 137
49 107 108
25 323 121
17 316 163
57 356 233
53 318 500
19 370 501
60 361 478
19 370 501
23 421 433
11 428 512
4 444 485
11 428 512
54 557 491
45 589 514
22 600 401
33 577 340
43 599 293
31 588 264
50 560 234
47 591 228
50 560 234
31 588 264
43 599 293
33 577 340
43 599 293
31 588 264
47 591 228
50 560 234
47 591 228
31 588 264
43 599 293
31 588 264
47 591 228
50 560 234
33 577 340
22 600 401
33 577 340
43 599 293
31 588 264
47 591 228
50 560 234
47 591 228
8 551 159
56 613 126
36 670 120
26 685 171
58 689 180
26 685 171
58 689 180
26 685 171
58 689 180
18 669 240
42 695 313
34 690 339
20 662 314
61 648 326
24 662 393
34 690 339
42 695 313
34 690 339
42 695 313
34 690 339
42 695 313
18 669 240
20 662 314
61 648 326
20 662 314
61 648 326
20 662 314
61 648 326
20 662 314
42 695 313
34 690 339
18 669 240
36 670 120
56 613 126
8 551 159
56 613 126
36 670 120
26 685 171
58 689 180
51 692 107
32 715 111
30 751 82
32 715 111
26 685 171
58 689 180
18 669 240
61 648 326
20 662 314
61 648 326
34 690 339
24 662 393
61 648 326
20 662 314
61 648 326
20 662 314
34 690 339
42 695 313
34 690 339
42 695 313
18 669 240
58 689 180
26 685 171
36 670 120
51 692 107
32 715 111
36 670 120
56 613 126
8 551 159
50 560 234
47 591 228
31 588 264
43 599 293
33 577 340
43 599 293
31 588 264
50 560 234
47 591 228
8 551 159
56 613 126
36 670 120
26 685 171
58 689 180
51 692 107
32 715 111
30 751 82
32 715 111
51 692 107
36 670 120
56 613 126
8 551 159
56 613 126
36 670 120
26 685 171
58 689 180
26 685 171
36 670 120
56 613 126
8 551 159
31 588 264
43 599 293
22 600 401
54 557 491
45 589 514
4 444 485
11 428 512
23 421 433
11 428 512
19 370 501
60 361 478
19 370 501
60 361 478
19 370 501
53 318 500
60 361 478
19 370 501
23 421 433
11 428 512
4 444 485
60 361 478
53 318 500
41 260 355
53 318 500
60 361 478
19 370 501
23 421 433
19 370 501
60 361 478
53 318 500
17 316 163
25 323 121
57 356 233
17 316 163
25 323 121
17 316 163
57 356 233
53 318 500
11 428 512
4 444 485
54 557 491
22 600 401
45 589 514
2 680 525
27 670 511
40 674 486
5 653 508
27 670 511
40 674 486
27 670 511
2 680 525
5 653 508
27 670 511
40 674 486
5 653 508
27 670 511
2 680 525
27 670 511
5 653 508
40 674 486
24 662 393
5 653 508
45 589 514
54 557 491
22 600 401
45 589 514
5 653 508
27 670 511
2 680 525
54 557 491
45 589 514
22 600 401
33 577 340
43 599 293
31 588 264
50 560 234
47 591 228
50 560 234
31 588 264
43 599 293
33 577 340
43 599 293
31 588 264
50 560 234
47 591 228
31 588 264
43 599 293
31 588 264
47 591 228
8 551 159
50 560 234
31 588 264
43 599 293
33 577 340
22 600 401
54 557 491
45 589 514
54 557 491
45 589 514
54 557 491
45 589 514
5 653 508
27 670 511
40 674 486
24 662 393
61 648 326
20 662 314
42 695 313
34 690 339
18 669 240
58 689 180
26 685 171
36 670 120
56 613 126
36 670 120
51 692 107
26 685 171
58 689 180
26 685 171
58 689 180
36 670 120
51 692 107
32 715 111
36 670 120
51 692 107
26 685 171
58 689 180
36 670 120
56 613 126
8 551 159
50 560 234
47 591 228
31 588 264
43 599 293
33 577 340
22 600 401
33 577 340
43 599 293
31 588 264
50 560 234
47 591 228
8 551 159
56 613 126
36 670 120
42 695 313
20 662 314
61 648 326
20 662 314
34 690 339
24 662 393
40 674 486
4 444 485
11 428 512
23 421 433
19 370 501
60 361 478
53 318 500
11 428 512
4 444 485
54 557 491
45 589 514
5 653 508
40 674 486
24 662 393
61 648 326
20 662 314
18 669 240
58 689 180
36 670 120
56 613 126
51 692 107
32 715 111
30 751 82
32 715 111
30 751 82
51 692 107
36 670 120
56 613 126
8 551 159
47 591 228
8 551 159
50 560 234
31 588 264
43 599 293
33 577 340
22 600 401
54 557 491
45 589 514
5 653 508
27 670 511
40 674 486
2 680 525
5 653 508
27 670 511
40 674 486
24 662 393
61 648 326
20 662 314
34 690 339
42 695 313
18 669 240
20 662 314
61 648 326
20 662 314
42 695 313
34 690 339
42 695 313
20 662 314
61 648 326
20 662 314
42 695 313
34 690 339
24 662 393
34 690 339
42 695 313
58 689 180
26 685 171
32 715 111
36 670 120
56 613 126
25 323 121
49 107 108
38 105 137
44 131 357
35 117 419
29 189 424
39 176 327
28 189 255
21 198 225
7 207 174
6 180 183
7 207 174
21 198 225
28 189 255
21 198 225
28 189 255
39 176 327
29 189 424
35 117 419
44 131 357
35 117 419
44 131 357
35 117 419
44 131 357
35 117 419
29 189 424
39 176 327
28 189 255
10 222 290
28 189 255
21 198 225
7 207 174
6 180 183
48 180 67
6 180 183
7 207 174
21 198 225
28 189 255
21 198 225
28 189 255
10 222 290
28 189 255
21 198 225
6 180 183
7 207 174
6 180 183
7 207 174
21 198 225
28 189 255
10 222 290
21 198 225
6 180 183
7 207 174
21 198 225
28 189 255
39 176 327
10 222 290
21 198 225
6 180 183
7 207 174
21 198 225
28 189 255
10 222 290
39 176 327
10 222 290
28 189 255
21 198 225
6 180 183
7 207 174
6 180 183
21 198 225
28 189 255
21 198 225
28 189 255
21 198 225
6 180 183
7 207 174
6 180 183
7 207 174
21 198 225
28 189 255
10 222 290
29 189 424
39 176 327
29 189 424
35 117 419
44 131 357
35 117 419
55 60 430
52 37 393
59 47 333
15 60 302
9 52 210
46 59 153
1 75 110
49 107 108
38 105 137
49 107 108
38 105 137
49 107 108
1 75 110
46 59 153
9 52 210
15 60 302
46 59 153
1 75 110
46 59 153
3 59 47
49 107 108
38 105 137
49 107 108
1 75 110
46 59 153
15 60 302
59 47 333
15 60 302
52 37 393
55 60 430
29 189 424
39 176 327
10 222 290
28 189 255
6 180 183
7 207 174
6 180 183
21 198 225
10 222 290
39 176 327
10 222 290
28 189 255
21 198 225
7 207 174
6 180 183
48 180 67
6 180 183
21 198 225
28 189 255
10 222 290
39 176 327
21 198 225
7 207 174
6 180 183
48 180 67
6 180 183
29 189 424
35 117 419
44 131 357
35 117 419
44 131 357
35 117 419
44 131 357
35 117 419
55 60 430
52 37 393
59 47 333
15 60 302
59 47 333
52 37 393
55 60 430
52 37 393
59 47 333
15 60 302
59 47 333
52 37 393
55 60 430
52 37 393
59 47 333
15 60 302
59 47 333
15 60 302
59 47 333
52 37 393
55 60 430
52 37 393
55 60 430
52 37 393
59 47 333
15 60 302
9 52 210
46 59 153
1 75 110
25 323 121
17 316 163
57 356 233
17 316 163
25 323 121
17 316 163
25 323 121
56 613 126
8 551 159
47 591 228
31 588 264
43 599 293
33 577 340
43 599 293
31 588 264
47 591 228
50 560 234
8 551 159
56 613 126
36 670 120
26 685 171
58 689 180
18 669 240
42 695 313
34 690 339
61 648 326
20 662 314
61 648 326
20 662 314
61 648 326
24 662 393
27 670 511
2 680 525
40 674 486
27 670 511
5 653 508
40 674 486
27 670 511
5 653 508
2 680 525
40 674 486
27 670 511
5 653 508
45 589 514
54 557 491
22 600 401
33 577 340
43 599 293
31 588 264
47 591 228
50 560 234
47 591 228
50 560 234
31 588 264
43 599 293
31 588 264
47 591 228
50 560 234
8 551 159
56 613 126
36 670 120
34 690 339
42 695 313
20 662 314
61 648 326
24 662 393
42 695 313
34 690 339
20 662 314
61 648 326
18 669 240
42 695 313
34 690 339
20 662 314
61 648 326
24 662 393
40 674 486
27 670 511
2 680 525
27 670 511
40 674 486
27 670 511
5 653 508
2 680 525
27 670 511
40 674 486
27 670 511
5 653 508
2 680 525
27 670 511
5 653 508
40 674 486
24 662 393
34 690 339
42 695 313
51 692 107
32 715 111
30 751 82
32 715 111
51 692 107
56 613 126
8 551 159
50 560 234
31 588 264
43 599 293
33 577 340
43 599 293
31 588 264
47 591 228
50 560 234
33 577 340
22 600 401
54 557 491
4 444 485
11 428 512
4 444 485
11 428 512
4 444 485
11 428 512
23 421 433
11 428 512
4 444 485
11 428 512
23 421 433
11 428 512
4 444 485
11 428 512
19 370 501
60 361 478
19 370 501
60 361 478
53 318 500
60 361 478
19 370 501
60 361 478
53 318 500
19 370 501
11 428 512
4 444 485
4 444 485
11 428 512
19 370 501
53 318 500
60 361 478
19 370 501
23 421 433
11 428 512
4 444 485
11 428 512
4 444 485
11 428 512
23 421 433
19 370 501
60 361 478
53 318 500
60 361 478
19 370 501
60 361 478
19 370 501
23 421 433
23 421 433
11 428 512
4 444 485
11 428 512
19 370 501
60 361 478
53 318 500
60 361 478
19 370 501
23 421 433
19 370 501
53 318 500
57 356 233
25 323 121
17 316 163
53 318 500
41 260 355
53 318 500
57 356 233
17 316 163
25 323 121
17 316 163
57 356 233
17 316 163
25 323 121
57 356 233
17 316 163
53 318 500
41 260 355
53 318 500
60 361 478
19 370 501
60 361 478
53 318 500
19 370 501
23 421 433
11 428 512
4 444 485
11 428 512
19 370 501
53 318 500
19 370 501
11 428 512
4 444 485
11 428 512
4 444 485
60 361 478
19 370 501
53 318 500
25 323 121
17 316 163
25 323 121
1 75 110
46 59 153
9 52 210
46 59 153
1 75 110
49 107 108
38 105 137
49 107 108
1 75 110
46 59 153
9 52 210
46 59 153
1 75 110
49 107 108
38 105 137
49 107 108
3 59 47
9 52 210
59 47 333
52 37 393
55 60 430
29 189 424
28 189 255
21 198 225
7 207 174
6 180 183
21 198 225
28 189 255
10 222 290
39 176 327
10 222 290
28 189 255
21 198 225
28 189 255
21 198 225
7 207 174
6 180 183
7 207 174
21 198 225
28 189 255
21 198 225
7 207 174
6 180 183
7 207 174
29 189 424
55 60 430
52 37 393
55 60 430
52 37 393
59 47 333
15 60 302
59 47 333
15 60 302
59 47 333
9 52 210
46 59 153
1 75 110
49 107 108
38 105 137
49 107 108
38 105 137
49 107 108
38 105 137
49 107 108
1 75 110
46 59 153
9 52 210
46 59 153
1 75 110
46 59 153
9 52 210
59 47 333
52 37 393
55 60 430
52 37 393
55 60 430
52 37 393
59 47 333
9 52 210
46 59 153
1 75 110
25 323 121
17 316 163
25 323 121
56 613 126
8 551 159
47 591 228
43 599 293
31 588 264
43 599 293
31 588 264
47 591 228
31 588 264
43 599 293
31 588 264
47 591 228
50 560 234
31 588 264
43 599 293
33 577 340
43 599 293
31 588 264
47 591 228
50 560 234
8 551 159
56 613 126
36 670 120
26 685 171
58 689 180
18 669 240
34 690 339
42 695 313
34 690 339
20 662 314
24 662 393
2 680 525
