1 75 110
58 137 141
65 119 170
72 121 202
69 144 214
52 140 221
69 144 214
72 121 202
65 119 170
69 144 214
52 140 221
19 148 259
52 140 221
69 144 214
72 121 202
82 108 233
19 148 259
82 108 233
72 121 202
65 119 170
58 137 141
1 75 110
27 68 151
1 75 110
76 220 122
14 226 123
76 220 122
14 226 123
76 220 122
14 226 123
76 220 122
14 226 123
76 220 122
14 226 123
76 220 122
14 226 123
76 220 122
14 226 123
76 220 122
14 226 123
76 220 122
14 226 123
76 220 122
14 226 123
76 220 122
14 226 123
76 220 122
14 226 123
76 220 122
14 226 123
76 220 122
16 196 420
81 255 412
7 292 415
57 341 398
40 338 391
57 341 398
40 338 391
68 310 432
7 292 415
9 290 459
6 278 488
67 267 477
6 278 488
22 333 546
57 341 398
40 338 391
57 341 398
40 338 391
57 341 398
40 338 391
68 310 432
7 292 415
9 290 459
6 278 488
67 267 477
6 278 488
64 457 498
39 418 525
46 392 412
61 415 419
46 392 412
61 415 419
46 392 412
61 415 419
46 392 412
61 415 419
73 428 219
79 408 209
48 406 184
73 428 219
79 408 209
73 428 219
79 408 209
48 406 184
79 408 209
73 428 219
48 406 184
79 408 209
48 406 184
73 428 219
79 408 209
48 406 184
79 408 209
73 428 219
79 408 209
48 406 184
79 408 209
73 428 219
79 408 209
48 406 184
73 428 219
79 408 209
73 428 219
48 406 184
79 408 209
73 428 219
79 408 209
48 406 184
79 408 209
73 428 219
61 415 419
46 392 412
75 463 541
44 516 511
45 468 445
36 467 410
70 491 382
49 481 366
34 469 354
13 485 305
62 472 282
55 479 261
62 472 282
13 485 305
62 472 282
55 479 261
62 472 282
13 485 305
62 472 282
55 479 261
62 472 282
13 485 305
62 472 282
34 469 354
49 481 366
70 491 382
49 481 366
34 469 354
49 481 366
70 491 382
49 481 366
34 469 354
49 481 366
70 491 382
36 467 410
45 468 445
36 467 410
70 491 382
49 481 366
34 469 354
13 485 305
62 472 282
55 479 261
13 485 305
49 481 366
70 491 382
49 481 366
70 491 382
49 481 366
34 469 354
36 467 410
45 468 445
44 516 511
38 663 470
37 679 452
11 677 442
50 666 436
8 657 446
77 650 448
8 657 446
50 666 436
20 673 394
11 677 442
50 666 436
77 650 448
8 657 446
37 679 452
38 663 470
37 679 452
11 677 442
50 666 436
8 657 446
77 650 448
8 657 446
50 666 436
20 673 394
37 679 452
11 677 442
50 666 436
8 657 446
77 650 448
8 657 446
50 666 436
11 677 442
37 679 452
38 663 470
66 680 490
4 673 508
2 680 525
78 668 534
26 693 423
20 673 394
3 702 382
47 707 406
5 679 292
30 690 265
5 679 292
30 690 265
51 642 193
71 752 164
18 606 51
25 596 214
15 553 208
43 548 191
33 573 154
59 540 101
42 539 96
59 540 101
33 573 154
43 548 191
15 553 208
25 596 214
63 563 312
56 601 422
63 563 312
25 596 214
33 573 154
43 548 191
15 553 208
25 596 214
15 553 208
43 548 191
15 553 208
33 573 154
59 540 101
42 539 96
59 540 101
23 475 123
59 540 101
33 573 154
15 553 208
43 548 191
25 596 214
18 606 51
30 690 265
51 642 193
5 679 292
30 690 265
5 679 292
30 690 265
5 679 292
30 690 265
5 679 292
30 690 265
51 642 193
71 752 164
59 540 101
42 539 96
33 573 154
43 548 191
15 553 208
25 596 214
33 573 154
25 596 214
43 548 191
15 553 208
43 548 191
15 553 208
63 563 312
53 575 534
78 668 534
2 680 525
4 673 508
66 680 490
38 663 470
37 679 452
11 677 442
77 650 448
8 657 446
50 666 436
26 693 423
47 707 406
3 702 382
20 673 394
51 642 193
3 702 382
20 673 394
47 707 406
26 693 423
50 666 436
8 657 446
77 650 448
11 677 442
37 679 452
38 663 470
66 680 490
4 673 508
2 680 525
78 668 534
77 650 448
8 657 446
50 666 436
20 673 394
3 702 382
47 707 406
26 693 423
11 677 442
37 679 452
38 663 470
77 650 448
8 657 446
50 666 436
11 677 442
26 693 423
47 707 406
3 702 382
20 673 394
26 693 423
50 666 436
8 657 446
77 650 448
11 677 442
37 679 452
66 680 490
4 673 508
2 680 525
78 668 534
38 663 470
66 680 490
4 673 508
2 680 525
53 575 534
33 573 154
43 548 191
15 553 208
43 548 191
15 553 208
43 548 191
33 573 154
43 548 191
15 553 208
43 548 191
15 553 208
25 596 214
33 573 154
15 553 208
43 548 191
15 553 208
43 548 191
33 573 154
42 539 96
59 540 101
42 539 96
59 540 101
23 475 123
55 479 261
62 472 282
13 485 305
34 469 354
49 481 366
70 491 382
36 467 410
45 468 445
36 467 410
34 469 354
49 481 366
70 491 382
36 467 410
45 468 445
36 467 410
34 469 354
49 481 366
13 485 305
62 472 282
55 479 261
62 472 282
55 479 261
13 485 305
62 472 282
55 479 261
62 472 282
13 485 305
34 469 354
49 481 366
70 491 382
49 481 366
34 469 354
49 481 366
70 491 382
49 481 366
34 469 354
49 481 366
70 491 382
36 467 410
45 468 445
75 463 541
39 418 525
81 255 412
67 267 477
6 278 488
9 290 459
7 292 415
68 310 432
57 341 398
40 338 391
57 341 398
40 338 391
57 341 398
40 338 391
7 292 415
81 255 412
60 269 251
17 256 242
60 269 251
17 256 242
60 269 251
54 254 194
17 256 242
60 269 251
17 256 242
60 269 251
17 256 242
54 254 194
17 256 242
60 269 251
17 256 242
60 269 251
54 254 194
17 256 242
60 269 251
17 256 242
60 269 251
17 256 242
54 254 194
17 256 242
60 269 251
81 255 412
28 211 437
16 196 420
28 211 437
81 255 412
7 292 415
68 310 432
9 290 459
67 267 477
6 278 488
40 338 391
57 341 398
40 338 391
7 292 415
81 255 412
16 196 420
28 211 437
16 196 420
28 211 437
16 196 420
28 211 437
81 255 412
7 292 415
68 310 432
9 290 459
67 267 477
6 278 488
67 267 477
9 290 459
7 292 415
68 310 432
40 338 391
57 341 398
40 338 391
57 341 398
40 338 391
57 341 398
7 292 415
81 255 412
16 196 420
28 211 437
16 196 420
21 45 411
29 50 384
12 42 325
29 50 384
21 45 411
29 50 384
21 45 411
29 50 384
12 42 325
29 50 384
21 45 411
29 50 384
21 45 411
12 42 325
29 50 384
27 68 151
1 75 110
41 66 107
80 46 133
27 68 151
74 40 153
80 46 133
1 75 110
58 137 141
65 119 170
69 144 214
72 121 202
52 140 221
69 144 214
52 140 221
82 108 233
19 148 259
31 137 335
19 148 259
82 108 233
65 119 170
58 137 141
65 119 170
72 121 202
69 144 214
52 140 221
82 108 233
52 140 221
69 144 214
52 140 221
19 148 259
52 140 221
69 144 214
52 140 221
72 121 202
82 108 233
52 140 221
69 144 214
65 119 170
72 121 202
69 144 214
82 108 233
69 144 214
52 140 221
19 148 259
31 137 335
82 108 233
72 121 202
65 119 170
58 137 141
41 66 107
1 75 110
41 66 107
80 46 133
74 40 153
27 68 151
74 40 153
80 46 133
27 68 151
41 66 107
1 75 110
58 137 141
65 119 170
58 137 141
65 119 170
72 121 202
69 144 214
52 140 221
19 148 259
52 140 221
69 144 214
52 140 221
69 144 214
72 121 202
65 119 170
58 137 141
65 119 170
69 144 214
52 140 221
19 148 259
82 108 233
72 121 202
82 108 233
19 148 259
31 137 335
19 148 259
52 140 221
69 144 214
52 140 221
72 121 202
82 108 233
65 119 170
58 137 141
65 119 170
69 144 214
52 140 221
69 144 214
52 140 221
19 148 259
72 121 202
65 119 170
58 137 141
72 121 202
82 108 233
31 137 335
19 148 259
52 140 221
69 144 214
72 121 202
65 119 170
72 121 202
58 137 141
41 66 107
80 46 133
74 40 153
27 68 151
1 75 110
41 66 107
1 75 110
41 66 107
80 46 133
74 40 153
27 68 151
74 40 153
80 46 133
27 68 151
74 40 153
80 46 133
1 75 110
41 66 107
1 75 110
41 66 107
29 50 384
21 45 411
28 211 437
16 196 420
81 255 412
28 211 437
16 196 420
81 255 412
7 292 415
57 341 398
40 338 391
57 341 398
40 338 391
57 341 398
7 292 415
68 310 432
81 255 412
60 269 251
17 256 242
60 269 251
54 254 194
17 256 242
60 269 251
17 256 242
54 254 194
81 255 412
28 211 437
16 196 420
28 211 437
16 196 420
81 255 412
67 267 477
6 278 488
67 267 477
9 290 459
39 418 525
61 415 419
46 392 412
61 415 419
46 392 412
61 415 419
46 392 412
73 428 219
79 408 209
48 406 184
79 408 209
73 428 219
79 408 209
48 406 184
79 408 209
73 428 219
79 408 209
48 406 184
79 408 209
73 428 219
79 408 209
48 406 184
79 408 209
73 428 219
79 408 209
48 406 184
79 408 209
73 428 219
79 408 209
48 406 184
79 408 209
73 428 219
79 408 209
48 406 184
79 408 209
73 428 219
79 408 209
48 406 184
79 408 209
61 415 419
46 392 412
61 415 419
46 392 412
61 415 419
46 392 412
61 415 419
46 392 412
61 415 419
46 392 412
61 415 419
46 392 412
61 415 419
75 463 541
53 575 534
56 601 422
63 563 312
15 553 208
43 548 191
15 553 208
43 548 191
15 553 208
25 596 214
33 573 154
59 540 101
42 539 96
59 540 101
10 341 130
24 314 140
32 352 232
35 358 142
32 352 232
24 314 140
10 341 130
32 352 232
35 358 142
32 352 232
10 341 130
24 314 140
10 341 130
32 352 232
35 358 142
32 352 232
10 341 130
24 314 140
32 352 232
35 358 142
32 352 232
10 341 130
24 314 140
32 352 232
35 358 142
32 352 232
10 341 130
32 352 232
35 358 142
32 352 232
10 341 130
24 314 140
10 341 130
24 314 140
10 341 130
32 352 232
35 358 142
32 352 232
10 341 130
24 314 140
32 352 232
24 314 140
32 352 232
35 358 142
32 352 232
10 341 130
24 314 140
32 352 232
35 358 142
32 352 232
10 341 130
32 352 232
35 358 142
32 352 232
35 358 142
32 352 232
57 341 398
40 338 391
57 341 398
68 310 432
9 290 459
39 418 525
64 457 498
44 516 511
45 468 445
36 467 410
70 491 382
49 481 366
13 485 305
55 479 261
62 472 282
34 469 354
49 481 366
70 491 382
49 481 366
34 469 354
13 485 305
62 472 282
55 479 261
62 472 282
55 479 261
62 472 282
13 485 305
49 481 366
34 469 354
49 481 366
70 491 382
36 467 410
45 468 445
36 467 410
45 468 445
36 467 410
45 468 445
36 467 410
45 468 445
36 467 410
70 491 382
49 481 366
34 469 354
49 481 366
70 491 382
36 467 410
45 468 445
75 463 541
64 457 498
75 463 541
39 418 525
46 392 412
61 415 419
46 392 412
61 415 419
46 392 412
61 415 419
46 392 412
61 415 419
39 418 525
75 463 541
45 468 445
36 467 410
70 491 382
49 481 366
34 469 354
13 485 305
62 472 282
55 479 261
62 472 282
13 485 305
34 469 354
49 481 366
70 491 382
36 467 410
45 468 445
36 467 410
49 481 366
13 485 305
55 479 261
23 475 123
42 539 96
59 540 101
33 573 154
25 596 214
15 553 208
43 548 191
15 553 208
25 596 214
18 606 51
30 690 265
5 679 292
30 690 265
5 679 292
20 673 394
3 702 382
47 707 406
26 693 423
50 666 436
8 657 446
77 650 448
11 677 442
37 679 452
38 663 470
77 650 448
8 657 446
50 666 436
11 677 442
37 679 452
26 693 423
47 707 406
3 702 382
26 693 423
50 666 436
8 657 446
77 650 448
11 677 442
37 679 452
38 663 470
66 680 490
4 673 508
2 680 525
78 668 534
4 673 508
66 680 490
2 680 525
4 673 508
78 668 534
53 575 534
56 601 422
44 516 511
64 457 498
39 418 525
73 428 219
79 408 209
48 406 184
79 408 209
73 428 219
48 406 184
79 408 209
73 428 219
48 406 184
79 408 209
73 428 219
79 408 209
73 428 219
48 406 184
79 408 209
73 428 219
48 406 184
79 408 209
73 428 219
79 408 209
48 406 184
79 408 209
73 428 219
48 406 184
79 408 209
73 428 219
79 408 209
73 428 219
48 406 184
39 418 525
81 255 412
28 211 437
16 196 420
28 211 437
81 255 412
22 333 546
6 278 488
67 267 477
6 278 488
67 267 477
9 290 459
7 292 415
40 338 391
32 352 232
57 341 398
40 338 391
68 310 432
9 290 459
39 418 525
64 457 498
75 463 541
39 418 525
79 408 209
48 406 184
39 418 525
64 457 498
75 463 541
39 418 525
9 290 459
7 292 415
40 338 391
35 358 142
32 352 232
10 341 130
24 314 140
32 352 232
40 338 391
7 292 415
81 255 412
60 269 251
17 256 242
54 254 194
60 269 251
17 256 242
60 269 251
17 256 242
54 254 194
17 256 242
60 269 251
17 256 242
54 254 194
60 269 251
17 256 242
60 269 251
17 256 242
54 254 194
60 269 251
17 256 242
60 269 251
81 255 412
68 310 432
57 341 398
40 338 391
7 292 415
9 290 459
6 278 488
67 267 477
81 255 412
28 211 437
16 196 420
28 211 437
7 292 415
40 338 391
32 352 232
24 314 140
10 341 130
59 540 101
33 573 154
25 596 214
63 563 312
25 596 214
33 573 154
25 596 214
15 553 208
43 548 191
15 553 208
43 548 191
33 573 154
42 539 96
59 540 101
42 539 96
59 540 101
23 475 123
14 226 123
76 220 122
14 226 123
76 220 122
14 226 123
76 220 122
14 226 123
76 220 122
14 226 123
76 220 122
1 75 110
80 46 133
74 40 153
27 68 151
29 50 384
21 45 411
29 50 384
12 42 325
29 50 384
21 45 411
29 50 384
21 45 411
81 255 412
54 254 194
60 269 251
17 256 242
60 269 251
17 256 242
54 254 194
17 256 242
54 254 194
81 255 412
7 292 415
81 255 412
9 290 459
67 267 477
6 278 488
67 267 477
9 290 459
6 278 488
22 333 546
6 278 488
53 575 534
44 516 511
13 485 305
62 472 282
55 479 261
62 472 282
13 485 305
62 472 282
55 479 261
62 472 282
13 485 305
34 469 354
49 481 366
70 491 382
49 481 366
34 469 354
36 467 410
70 491 382
49 481 366
34 469 354
49 481 366
70 491 382
49 481 366
34 469 354
13 485 305
62 472 282
55 479 261
62 472 282
55 479 261
62 472 282
55 479 261
62 472 282
13 485 305
70 491 382
44 516 511
53 575 534
78 668 534
2 680 525
4 673 508
66 680 490
38 663 470
37 679 452
11 677 442
8 657 446
77 650 448
8 657 446
50 666 436
26 693 423
47 707 406
3 702 382
20 673 394
26 693 423
47 707 406
3 702 382
47 707 406
26 693 423
11 677 442
37 679 452
38 663 470
4 673 508
66 680 490
4 673 508
2 680 525
