1 75 110
72 138 103
15 211 105
69 234 119
15 211 105
72 138 103
1 75 110
14 70 106
1 75 110
14 70 106
1 75 110
72 138 103
63 132 199
30 110 197
23 112 180
27 166 86
23 112 180
63 132 199
30 110 197
23 112 180
63 132 199
30 110 197
63 132 199
31 144 303
71 129 366
31 144 303
71 129 366
31 144 303
71 129 366
31 144 303
30 110 197
23 112 180
63 132 199
30 110 197
23 112 180
30 110 197
63 132 199
23 112 180
63 132 199
30 110 197
23 112 180
63 132 199
30 110 197
63 132 199
23 112 180
30 110 197
63 132 199
30 110 197
63 132 199
30 110 197
23 112 180
63 132 199
30 110 197
72 138 103
15 211 105
69 234 119
15 211 105
69 234 119
15 211 105
69 234 119
15 211 105
69 234 119
15 211 105
25 185 266
37 213 307
29 218 299
37 213 307
61 215 334
4 177 298
25 185 266
29 218 299
37 213 307
4 177 298
61 215 334
29 218 299
37 213 307
29 218 299
37 213 307
61 215 334
37 213 307
29 218 299
37 213 307
61 215 334
8 216 402
38 186 375
49 188 435
33 250 431
74 343 405
34 348 335
57 324 317
17 326 296
26 350 303
34 348 335
26 350 303
36 362 276
62 319 232
17 326 296
57 324 317
26 350 303
36 362 276
26 350 303
34 348 335
26 350 303
57 324 317
17 326 296
36 362 276
51 417 299
56 385 366
5 390 422
56 385 366
5 390 422
56 385 366
51 417 299
36 362 276
62 319 232
17 326 296
57 324 317
17 326 296
26 350 303
34 348 335
26 350 303
36 362 276
17 326 296
57 324 317
34 348 335
26 350 303
17 326 296
74 343 405
33 250 431
8 216 402
38 186 375
4 177 298
61 215 334
37 213 307
29 218 299
25 185 266
4 177 298
25 185 266
4 177 298
25 185 266
4 177 298
29 218 299
37 213 307
61 215 334
38 186 375
49 188 435
8 216 402
33 250 431
45 306 480
70 258 484
52 302 529
21 342 472
45 306 480
33 250 431
45 306 480
70 258 484
48 290 559
52 302 529
45 306 480
21 342 472
74 343 405
20 358 413
65 356 423
20 358 413
74 343 405
20 358 413
65 356 423
21 342 472
45 306 480
40 253 296
55 256 189
40 253 296
55 256 189
40 253 296
45 306 480
21 342 472
41 420 528
5 390 422
56 385 366
10 419 144
47 461 82
7 445 83
3 431 114
22 387 94
10 419 144
51 417 299
36 362 276
26 350 303
17 326 296
57 324 317
34 348 335
26 350 303
17 326 296
57 324 317
17 326 296
62 319 232
36 362 276
26 350 303
74 343 405
33 250 431
8 216 402
38 186 375
8 216 402
74 343 405
45 306 480
40 253 296
55 256 189
40 253 296
45 306 480
57 324 317
36 362 276
26 350 303
57 324 317
17 326 296
62 319 232
17 326 296
57 324 317
74 343 405
8 216 402
38 186 375
61 215 334
4 177 298
25 185 266
37 213 307
29 218 299
37 213 307
61 215 334
38 186 375
8 216 402
49 188 435
12 61 433
68 66 294
50 57 318
68 66 294
50 57 318
68 66 294
50 57 318
68 66 294
50 57 318
81 50 222
68 66 294
50 57 318
14 70 106
72 138 103
23 112 180
27 166 86
29 218 299
61 215 334
38 186 375
49 188 435
33 250 431
45 306 480
70 258 484
40 253 296
55 256 189
40 253 296
70 258 484
45 306 480
33 250 431
8 216 402
61 215 334
37 213 307
25 185 266
4 177 298
37 213 307
29 218 299
37 213 307
29 218 299
37 213 307
4 177 298
25 185 266
29 218 299
37 213 307
61 215 334
38 186 375
49 188 435
12 61 433
81 50 222
50 57 318
68 66 294
81 50 222
68 66 294
50 57 318
68 66 294
12 61 433
8 216 402
61 215 334
37 213 307
29 218 299
37 213 307
61 215 334
8 216 402
65 356 423
20 358 413
74 343 405
26 350 303
62 319 232
57 324 317
45 306 480
40 253 296
55 256 189
40 253 296
45 306 480
57 324 317
62 319 232
36 362 276
26 350 303
34 348 335
26 350 303
57 324 317
17 326 296
57 324 317
34 348 335
65 356 423
20 358 413
74 343 405
21 342 472
45 306 480
70 258 484
45 306 480
33 250 431
49 188 435
8 216 402
45 306 480
40 253 296
45 306 480
33 250 431
8 216 402
37 213 307
29 218 299
25 185 266
4 177 298
37 213 307
61 215 334
49 188 435
8 216 402
38 186 375
61 215 334
29 218 299
37 213 307
25 185 266
4 177 298
25 185 266
8 216 402
33 250 431
45 306 480
40 253 296
55 256 189
40 253 296
45 306 480
74 343 405
20 358 413
65 356 423
34 348 335
26 350 303
36 362 276
51 417 299
56 385 366
5 390 422
41 420 528
76 495 520
6 507 467
28 505 455
59 481 422
28 505 455
6 507 467
28 505 455
6 507 467
28 505 455
76 495 520
66 584 488
75 580 440
82 579 429
75 580 440
60 560 441
32 548 394
75 580 440
82 579 429
66 584 488
13 646 493
9 643 503
13 646 493
2 680 525
