1 75 110
29 99 122
49 170 99
32 188 108
56 182 158
78 193 199
22 185 237
78 193 199
22 185 237
78 193 199
56 182 158
32 188 108
49 170 99
29 99 122
1 75 110
17 54 218
26 62 313
80 34 373
66 38 398
23 35 397
64 70 418
27 88 422
58 124 416
71 106 375
24 142 319
36 135 331
42 111 301
47 146 268
68 144 224
47 146 268
68 144 224
47 146 268
24 142 319
36 135 331
24 142 319
36 135 331
24 142 319
71 106 375
58 124 416
21 176 412
35 199 419
21 176 412
35 199 419
70 223 413
16 262 419
31 274 372
30 282 317
15 261 318
30 282 317
15 261 318
30 282 317
15 261 318
30 282 317
15 261 318
31 274 372
33 290 427
50 353 371
41 352 294
28 315 238
41 352 294
12 358 230
28 315 238
41 352 294
12 358 230
28 315 238
25 358 88
43 397 106
3 420 94
43 397 106
52 435 117
38 425 116
13 432 183
67 413 189
20 422 198
67 413 189
13 432 183
67 413 189
20 422 198
67 413 189
13 432 183
20 422 198
67 413 189
13 432 183
20 422 198
13 432 183
52 435 117
60 470 101
62 508 123
63 514 172
62 508 123
10 527 86
62 508 123
60 470 101
52 435 117
38 425 116
3 420 94
43 397 106
13 432 183
20 422 198
67 413 189
20 422 198
13 432 183
20 422 198
67 413 189
20 422 198
13 432 183
20 422 198
67 413 189
20 422 198
13 432 183
52 435 117
38 425 116
3 420 94
43 397 106
60 470 101
62 508 123
63 514 172
62 508 123
10 527 86
62 508 123
60 470 101
52 435 117
38 425 116
52 435 117
3 420 94
43 397 106
38 425 116
52 435 117
3 420 94
52 435 117
38 425 116
60 470 101
43 397 106
25 358 88
28 315 238
12 358 230
50 353 371
33 290 427
15 261 318
30 282 317
15 261 318
31 274 372
30 282 317
15 261 318
33 290 427
16 262 419
33 290 427
50 353 371
14 359 505
82 414 514
65 440 487
11 427 444
44 424 447
11 427 444
44 424 447
65 440 487
82 414 514
73 444 530
51 474 533
45 475 331
7 462 267
45 475 331
7 462 267
55 562 280
39 557 244
18 567 219
6 558 165
18 567 219
39 557 244
79 601 270
55 562 280
39 557 244
18 567 219
39 557 244
18 567 219
39 557 244
55 562 280
39 557 244
18 567 219
79 601 270
55 562 280
39 557 244
18 567 219
55 562 280
7 462 267
45 475 331
7 462 267
55 562 280
18 567 219
39 557 244
55 562 280
79 601 270
55 562 280
39 557 244
18 567 219
6 558 165
18 567 219
39 557 244
55 562 280
7 462 267
45 475 331
7 462 267
55 562 280
79 601 270
55 562 280
39 557 244
18 567 219
6 558 165
18 567 219
39 557 244
79 601 270
39 557 244
55 562 280
18 567 219
6 558 165
77 647 94
19 688 148
5 675 154
74 707 164
19 688 148
5 675 154
19 688 148
5 675 154
74 707 164
19 688 148
5 675 154
37 697 246
59 703 318
61 654 329
57 631 410
61 654 329
59 703 318
37 697 246
59 703 318
61 654 329
59 703 318
61 654 329
57 631 410
59 703 318
37 697 246
5 675 154
19 688 148
74 707 164
77 647 94
76 672 90
77 647 94
6 558 165
18 567 219
55 562 280
7 462 267
45 475 331
7 462 267
55 562 280
39 557 244
55 562 280
79 601 270
18 567 219
6 558 165
18 567 219
39 557 244
55 562 280
8 577 426
81 607 532
2 680 525
