1 75 110
33 89 117
42 174 128
45 179 120
42 174 128
45 179 120
42 174 128
45 179 120
79 186 252
71 219 315
29 203 335
71 219 315
29 203 335
34 210 380
35 232 423
34 210 380
55 179 405
35 232 423
61 325 466
40 305 514
76 301 501
30 283 489
66 259 442
63 283 353
66 259 442
61 325 466
74 342 492
6 339 513
40 305 514
76 301 501
30 283 489
13 309 536
31 317 545
6 339 513
74 342 492
47 440 526
8 410 533
47 440 526
28 395 432
68 394 335
57 392 335
68 394 335
57 392 335
68 394 335
57 392 335
28 395 432
26 463 505
49 473 488
82 517 420
16 463 400
77 499 355
22 468 332
80 482 270
60 334 282
36 316 185
9 322 154
36 316 185
9 322 154
69 374 112
11 374 120
69 374 112
11 374 120
69 374 112
54 419 105
12 392 169
54 419 105
59 427 94
54 419 105
69 374 112
11 374 120
69 374 112
9 322 154
36 316 185
9 322 154
69 374 112
54 419 105
12 392 169
54 419 105
59 427 94
54 419 105
59 427 94
54 419 105
59 427 94
12 392 169
54 419 105
59 427 94
54 419 105
69 374 112
11 374 120
69 374 112
11 374 120
69 374 112
11 374 120
69 374 112
11 374 120
69 374 112
9 322 154
36 316 185
9 322 154
36 316 185
9 322 154
36 316 185
60 334 282
80 482 270
17 490 231
65 488 233
70 485 212
81 515 200
75 445 75
81 515 200
70 485 212
17 490 231
65 488 233
20 507 239
81 515 200
70 485 212
17 490 231
65 488 233
20 507 239
17 490 231
80 482 270
21 541 281
48 593 214
46 555 165
41 596 124
46 555 165
48 593 214
21 541 281
80 482 270
20 507 239
65 488 233
17 490 231
70 485 212
81 515 200
20 507 239
65 488 233
17 490 231
70 485 212
17 490 231
65 488 233
80 482 270
20 507 239
65 488 233
17 490 231
70 485 212
81 515 200
70 485 212
80 482 270
21 541 281
48 593 214
46 555 165
41 596 124
67 617 69
5 631 81
58 644 89
5 631 81
67 617 69
41 596 124
48 593 214
46 555 165
41 596 124
46 555 165
41 596 124
58 644 89
50 712 200
72 671 281
27 663 254
18 648 224
50 712 200
72 671 281
27 663 254
18 648 224
27 663 254
72 671 281
50 712 200
18 648 224
27 663 254
72 671 281
80 482 270
70 485 212
81 515 200
17 490 231
20 507 239
65 488 233
17 490 231
20 507 239
81 515 200
70 485 212
65 488 233
17 490 231
20 507 239
81 515 200
70 485 212
17 490 231
65 488 233
20 507 239
80 482 270
21 541 281
80 482 270
65 488 233
17 490 231
81 515 200
75 445 75
81 515 200
70 485 212
65 488 233
17 490 231
20 507 239
80 482 270
60 334 282
61 325 466
66 259 442
30 283 489
76 301 501
40 305 514
61 325 466
35 232 423
34 210 380
71 219 315
29 203 335
71 219 315
34 210 380
55 179 405
34 210 380
29 203 335
71 219 315
79 186 252
71 219 315
29 203 335
71 219 315
29 203 335
34 210 380
55 179 405
35 232 423
34 210 380
29 203 335
71 219 315
79 186 252
45 179 120
33 89 117
15 46 134
1 75 110
33 89 117
1 75 110
32 68 147
10 55 208
32 68 147
15 46 134
33 89 117
1 75 110
33 89 117
1 75 110
32 68 147
15 46 134
1 75 110
33 89 117
1 75 110
42 174 128
45 179 120
42 174 128
45 179 120
42 174 128
45 179 120
79 186 252
55 179 405
35 232 423
74 342 492
6 339 513
31 317 545
13 309 536
40 305 514
76 301 501
30 283 489
63 283 353
56 269 190
37 263 133
56 269 190
37 263 133
56 269 190
63 283 353
66 259 442
30 283 489
76 301 501
40 305 514
61 325 466
35 232 423
34 210 380
29 203 335
79 186 252
45 179 120
42 174 128
45 179 120
42 174 128
1 75 110
33 89 117
15 46 134
32 68 147
10 55 208
1 75 110
32 68 147
15 46 134
33 89 117
1 75 110
32 68 147
10 55 208
53 55 380
39 41 395
53 55 380
39 41 395
53 55 380
39 41 395
53 55 380
10 55 208
32 68 147
15 46 134
33 89 117
1 75 110
33 89 117
1 75 110
32 68 147
15 46 134
10 55 208
32 68 147
1 75 110
45 179 120
42 174 128
45 179 120
42 174 128
54 419 105
12 392 169
54 419 105
11 374 120
69 374 112
9 322 154
60 334 282
36 316 185
9 322 154
36 316 185
9 322 154
36 316 185
9 322 154
36 316 185
9 322 154
69 374 112
11 374 120
69 374 112
11 374 120
54 419 105
59 427 94
12 392 169
57 392 335
68 394 335
57 392 335
68 394 335
57 392 335
68 394 335
57 392 335
68 394 335
57 392 335
68 394 335
57 392 335
68 394 335
57 392 335
68 394 335
57 392 335
8 410 533
47 440 526
61 325 466
76 301 501
40 305 514
13 309 536
31 317 545
13 309 536
40 305 514
30 283 489
76 301 501
6 339 513
74 342 492
61 325 466
66 259 442
30 283 489
76 301 501
40 305 514
13 309 536
31 317 545
3 261 554
61 325 466
74 342 492
6 339 513
61 325 466
76 301 501
40 305 514
13 309 536
31 317 545
74 342 492
30 283 489
76 301 501
40 305 514
13 309 536
31 317 545
6 339 513
74 342 492
6 339 513
13 309 536
31 317 545
3 261 554
30 283 489
76 301 501
40 305 514
61 325 466
74 342 492
6 339 513
13 309 536
31 317 545
13 309 536
6 339 513
74 342 492
47 440 526
64 432 550
47 440 526
28 395 432
47 440 526
8 410 533
64 432 550
26 463 505
49 473 488
16 463 400
22 468 332
77 499 355
80 482 270
65 488 233
17 490 231
70 485 212
20 507 239
81 515 200
70 485 212
65 488 233
17 490 231
80 482 270
65 488 233
17 490 231
70 485 212
65 488 233
17 490 231
20 507 239
65 488 233
17 490 231
70 485 212
80 482 270
22 468 332
77 499 355
16 463 400
82 517 420
77 499 355
22 468 332
80 482 270
21 541 281
80 482 270
20 507 239
81 515 200
75 445 75
20 507 239
80 482 270
21 541 281
60 334 282
36 316 185
9 322 154
69 374 112
11 374 120
54 419 105
59 427 94
54 419 105
59 427 94
41 596 124
46 555 165
48 593 214
41 596 124
67 617 69
5 631 81
58 644 89
5 631 81
67 617 69
58 644 89
5 631 81
67 617 69
41 596 124
46 555 165
48 593 214
21 541 281
72 671 281
4 690 344
24 635 383
19 636 497
23 556 519
7 563 514
26 463 505
49 473 488
16 463 400
22 468 332
77 499 355
82 517 420
77 499 355
22 468 332
16 463 400
49 473 488
26 463 505
47 440 526
64 432 550
8 410 533
23 556 519
43 569 404
7 563 514
23 556 519
49 473 488
82 517 420
49 473 488
26 463 505
47 440 526
8 410 533
47 440 526
26 463 505
49 473 488
26 463 505
64 432 550
8 410 533
26 463 505
49 473 488
23 556 519
7 563 514
23 556 519
7 563 514
23 556 519
62 584 543
51 615 558
19 636 497
7 563 514
43 569 404
62 584 543
51 615 558
19 636 497
24 635 383
4 690 344
72 671 281
27 663 254
18 648 224
27 663 254
72 671 281
27 663 254
18 648 224
27 663 254
72 671 281
24 635 383
4 690 344
50 712 200
58 644 89
5 631 81
41 596 124
54 419 105
12 392 169
54 419 105
69 374 112
9 322 154
36 316 185
60 334 282
80 482 270
16 463 400
77 499 355
22 468 332
16 463 400
82 517 420
49 473 488
26 463 505
28 395 432
57 392 335
68 394 335
57 392 335
68 394 335
57 392 335
68 394 335
57 392 335
68 394 335
57 392 335
68 394 335
57 392 335
68 394 335
28 395 432
57 392 335
68 394 335
57 392 335
68 394 335
28 395 432
47 440 526
66 259 442
3 261 554
61 325 466
35 232 423
55 179 405
79 186 252
71 219 315
29 203 335
55 179 405
34 210 380
35 232 423
34 210 380
29 203 335
71 219 315
29 203 335
34 210 380
55 179 405
35 232 423
55 179 405
61 325 466
66 259 442
56 269 190
37 263 133
56 269 190
37 263 133
56 269 190
37 263 133
63 283 353
66 259 442
61 325 466
74 342 492
6 339 513
76 301 501
30 283 489
40 305 514
13 309 536
31 317 545
6 339 513
26 463 505
49 473 488
26 463 505
28 395 432
68 394 335
57 392 335
68 394 335
57 392 335
68 394 335
57 392 335
68 394 335
57 392 335
68 394 335
28 395 432
26 463 505
77 499 355
22 468 332
80 482 270
21 541 281
80 482 270
81 515 200
70 485 212
20 507 239
17 490 231
65 488 233
80 482 270
20 507 239
17 490 231
65 488 233
70 485 212
81 515 200
20 507 239
17 490 231
65 488 233
80 482 270
72 671 281
4 690 344
72 671 281
27 663 254
18 648 224
50 712 200
78 721 455
2 680 525
7 563 514
43 569 404
7 563 514
23 556 519
62 584 543
19 636 497
24 635 383
4 690 344
78 721 455
19 636 497
2 680 525
51 615 558
47 440 526
8 410 533
64 432 550
47 440 526
74 342 492
35 232 423
34 210 380
71 219 315
29 203 335
79 186 252
45 179 120
42 174 128
33 89 117
1 75 110
32 68 147
15 46 134
10 55 208
32 68 147
15 46 134
33 89 117
1 75 110
42 174 128
45 179 120
71 219 315
29 203 335
71 219 315
29 203 335
71 219 315
29 203 335
55 179 405
34 210 380
35 232 423
74 342 492
6 339 513
31 317 545
13 309 536
3 261 554
30 283 489
66 259 442
76 301 501
40 305 514
13 309 536
31 317 545
6 339 513
74 342 492
61 325 466
74 342 492
47 440 526
8 410 533
64 432 550
47 440 526
28 395 432
57 392 335
68 394 335
57 392 335
68 394 335
57 392 335
68 394 335
54 419 105
69 374 112
11 374 120
69 374 112
9 322 154
36 316 185
9 322 154
60 334 282
9 322 154
69 374 112
1 75 110
15 46 134
10 55 208
39 41 395
53 55 380
39 41 395
53 55 380
39 41 395
53 55 380
39 41 395
53 55 380
39 41 395
53 55 380
39 41 395
53 55 380
39 41 395
53 55 380
39 41 395
53 55 380
39 41 395
53 55 380
39 41 395
53 55 380
39 41 395
53 55 380
39 41 395
53 55 380
39 41 395
53 55 380
39 41 395
53 55 380
10 55 208
1 75 110
33 89 117
42 174 128
45 179 120
42 174 128
45 179 120
42 174 128
45 179 120
42 174 128
45 179 120
79 186 252
71 219 315
29 203 335
34 210 380
35 232 423
61 325 466
74 342 492
6 339 513
49 473 488
16 463 400
22 468 332
80 482 270
20 507 239
17 490 231
65 488 233
17 490 231
70 485 212
81 515 200
20 507 239
17 490 231
70 485 212
17 490 231
65 488 233
80 482 270
77 499 355
22 468 332
16 463 400
49 473 488
26 463 505
47 440 526
64 432 550
26 463 505
49 473 488
2 680 525
78 721 455
2 680 525
7 563 514
23 556 519
7 563 514
62 584 543
51 615 558
19 636 497
49 473 488
82 517 420
16 463 400
22 468 332
80 482 270
65 488 233
17 490 231
70 485 212
17 490 231
65 488 233
20 507 239
80 482 270
65 488 233
17 490 231
70 485 212
17 490 231
65 488 233
20 507 239
81 515 200
75 445 75
81 515 200
20 507 239
65 488 233
17 490 231
70 485 212
81 515 200
70 485 212
65 488 233
17 490 231
80 482 270
77 499 355
22 468 332
77 499 355
82 517 420
49 473 488
74 342 492
6 339 513
74 342 492
61 325 466
35 232 423
34 210 380
29 203 335
71 219 315
79 186 252
45 179 120
1 75 110
32 68 147
15 46 134
10 55 208
15 46 134
32 68 147
1 75 110
33 89 117
42 174 128
45 179 120
33 89 117
1 75 110
33 89 117
1 75 110
32 68 147
10 55 208
39 41 395
53 55 380
39 41 395
53 55 380
39 41 395
53 55 380
39 41 395
53 55 380
53 55 380
39 41 395
53 55 380
39 41 395
53 55 380
32 68 147
15 46 134
33 89 117
1 75 110
33 89 117
15 46 134
32 68 147
1 75 110
33 89 117
42 174 128
45 179 120
34 210 380
35 232 423
55 179 405
34 210 380
55 179 405
35 232 423
34 210 380
79 186 252
71 219 315
29 203 335
34 210 380
55 179 405
35 232 423
55 179 405
34 210 380
35 232 423
34 210 380
71 219 315
29 203 335
79 186 252
71 219 315
29 203 335
34 210 380
55 179 405
61 325 466
74 342 492
66 259 442
63 283 353
66 259 442
61 325 466
9 322 154
36 316 185
9 322 154
69 374 112
11 374 120
54 419 105
12 392 169
54 419 105
59 427 94
54 419 105
59 427 94
12 392 169
54 419 105
11 374 120
69 374 112
11 374 120
69 374 112
9 322 154
36 316 185
9 322 154
69 374 112
11 374 120
69 374 112
11 374 120
54 419 105
59 427 94
54 419 105
11 374 120
69 374 112
9 322 154
36 316 185
9 322 154
69 374 112
11 374 120
54 419 105
59 427 94
54 419 105
11 374 120
69 374 112
11 374 120
54 419 105
59 427 94
41 596 124
48 593 214
21 541 281
80 482 270
77 499 355
22 468 332
16 463 400
77 499 355
80 482 270
65 488 233
17 490 231
70 485 212
20 507 239
81 515 200
80 482 270
21 541 281
80 482 270
22 468 332
16 463 400
49 473 488
6 339 513
31 317 545
13 309 536
40 305 514
76 301 501
30 283 489
66 259 442
63 283 353
56 269 190
37 263 133
56 269 190
37 263 133
56 269 190
37 263 133
56 269 190
63 283 353
66 259 442
30 283 489
76 301 501
40 305 514
74 342 492
47 440 526
64 432 550
8 410 533
47 440 526
26 463 505
49 473 488
82 517 420
77 499 355
16 463 400
77 499 355
22 468 332
80 482 270
20 507 239
65 488 233
17 490 231
70 485 212
81 515 200
75 445 75
20 507 239
80 482 270
21 541 281
48 593 214
46 555 165
48 593 214
21 541 281
80 482 270
77 499 355
22 468 332
80 482 270
20 507 239
17 490 231
65 488 233
17 490 231
70 485 212
81 515 200
20 507 239
65 488 233
17 490 231
70 485 212
81 515 200
75 445 75
20 507 239
22 468 332
77 499 355
22 468 332
49 473 488
6 339 513
13 309 536
31 317 545
13 309 536
40 305 514
76 301 501
30 283 489
76 301 501
40 305 514
30 283 489
76 301 501
6 339 513
74 342 492
61 325 466
66 259 442
63 283 353
37 263 133
56 269 190
37 263 133
56 269 190
37 263 133
56 269 190
63 283 353
66 259 442
61 325 466
47 440 526
64 432 550
8 410 533
47 440 526
49 473 488
26 463 505
28 395 432
26 463 505
49 473 488
82 517 420
80 482 270
60 334 282
36 316 185
9 322 154
69 374 112
41 596 124
46 555 165
48 593 214
21 541 281
48 593 214
41 596 124
67 617 69
5 631 81
58 644 89
5 631 81
67 617 69
5 631 81
18 648 224
27 663 254
72 671 281
27 663 254
50 712 200
4 690 344
24 635 383
4 690 344
24 635 383
19 636 497
8 410 533
64 432 550
47 440 526
74 342 492
6 339 513
74 342 492
61 325 466
66 259 442
63 283 353
37 263 133
56 269 190
37 263 133
56 269 190
37 263 133
56 269 190
37 263 133
56 269 190
37 263 133
56 269 190
66 259 442
61 325 466
36 316 185
9 322 154
61 325 466
66 259 442
37 263 133
56 269 190
66 259 442
61 325 466
60 334 282
36 316 185
9 322 154
69 374 112
59 427 94
57 392 335
68 394 335
57 392 335
68 394 335
57 392 335
28 395 432
26 463 505
23 556 519
7 563 514
19 636 497
2 680 525
