1 75 110
76 68 124
26 45 184
24 64 211
26 45 184
24 64 211
26 45 184
20 59 328
24 64 211
26 45 184
76 68 124
70 194 123
25 176 78
70 194 123
1 75 110
28 99 45
1 75 110
76 68 124
26 45 184
24 64 211
26 45 184
76 68 124
1 75 110
70 194 123
62 214 218
27 223 217
62 214 218
5 203 209
62 214 218
27 223 217
62 214 218
5 203 209
62 214 218
27 223 217
5 203 209
62 214 218
5 203 209
62 214 218
27 223 217
62 214 218
5 203 209
62 214 218
27 223 217
18 175 321
43 183 340
18 175 321
43 183 340
18 175 321
43 183 340
18 175 321
64 237 272
78 161 283
46 137 265
42 131 296
59 142 401
39 168 430
59 142 401
42 131 296
45 80 275
46 137 265
79 125 271
42 131 296
46 137 265
78 161 283
46 137 265
42 131 296
46 137 265
78 161 283
46 137 265
79 125 271
46 137 265
36 121 179
46 137 265
79 125 271
42 131 296
45 80 275
78 161 283
64 237 272
18 175 321
43 183 340
18 175 321
64 237 272
18 175 321
5 203 209
62 214 218
27 223 217
62 214 218
5 203 209
27 223 217
62 214 218
70 194 123
25 176 78
70 194 123
60 412 94
51 416 118
40 412 122
51 416 118
40 412 122
51 416 118
60 412 94
61 419 201
51 416 118
7 547 108
31 600 237
17 584 240
73 548 331
10 568 369
6 563 377
10 568 369
73 548 331
10 568 369
6 563 377
10 568 369
73 548 331
6 563 377
10 568 369
6 563 377
10 568 369
6 563 377
10 568 369
73 548 331
6 563 377
10 568 369
68 584 478
16 452 509
19 447 484
48 475 489
29 472 464
38 471 436
33 484 404
54 490 410
33 484 404
38 471 436
29 472 464
48 475 489
19 447 484
48 475 489
16 452 509
52 404 411
47 434 434
52 404 411
47 434 434
75 417 539
19 447 484
48 475 489
29 472 464
38 471 436
54 490 410
33 484 404
54 490 410
33 484 404
14 461 308
69 463 325
44 510 306
69 463 325
14 461 308
22 509 225
49 477 235
14 461 308
69 463 325
44 510 306
22 509 225
49 477 235
22 509 225
14 461 308
69 463 325
14 461 308
44 510 306
33 484 404
54 490 410
38 471 436
29 472 464
48 475 489
16 452 509
52 404 411
47 434 434
52 404 411
47 434 434
52 404 411
47 434 434
52 404 411
47 434 434
75 417 539
16 452 509
32 288 483
34 286 487
63 304 534
30 311 560
63 304 534
57 258 463
32 288 483
34 286 487
32 288 483
80 285 407
13 289 403
80 285 407
57 258 463
32 288 483
56 354 297
50 334 207
21 332 195
9 331 174
21 332 195
50 334 207
21 332 195
9 331 174
21 332 195
50 334 207
56 354 297
50 334 207
21 332 195
9 331 174
21 332 195
50 334 207
21 332 195
9 331 174
21 332 195
50 334 207
21 332 195
9 331 174
21 332 195
50 334 207
21 332 195
50 334 207
21 332 195
9 331 174
50 334 207
56 354 297
50 334 207
21 332 195
9 331 174
21 332 195
50 334 207
9 331 174
21 332 195
50 334 207
21 332 195
9 331 174
21 332 195
50 334 207
56 354 297
34 286 487
32 288 483
57 258 463
80 285 407
13 289 403
80 285 407
13 289 403
80 285 407
13 289 403
80 285 407
13 289 403
80 285 407
59 142 401
79 125 271
42 131 296
46 137 265
78 161 283
64 237 272
18 175 321
43 183 340
18 175 321
64 237 272
78 161 283
46 137 265
42 131 296
79 125 271
46 137 265
78 161 283
46 137 265
79 125 271
42 131 296
45 80 275
64 237 272
18 175 321
27 223 217
62 214 218
5 203 209
70 194 123
25 176 78
70 194 123
5 203 209
62 214 218
27 223 217
43 183 340
18 175 321
64 237 272
78 161 283
46 137 265
79 125 271
42 131 296
45 80 275
79 125 271
36 121 179
46 137 265
78 161 283
79 125 271
42 131 296
45 80 275
79 125 271
46 137 265
42 131 296
79 125 271
46 137 265
45 80 275
42 131 296
46 137 265
78 161 283
64 237 272
18 175 321
43 183 340
18 175 321
43 183 340
70 194 123
76 68 124
1 75 110
76 68 124
26 45 184
24 64 211
76 68 124
1 75 110
76 68 124
1 75 110
76 68 124
1 75 110
76 68 124
70 194 123
25 176 78
70 194 123
51 416 118
40 412 122
60 412 94
40 412 122
51 416 118
40 412 122
60 412 94
40 412 122
51 416 118
40 412 122
60 412 94
51 416 118
40 412 122
61 419 201
51 416 118
40 412 122
60 412 94
51 416 118
40 412 122
51 416 118
60 412 94
61 419 201
40 412 122
51 416 118
40 412 122
60 412 94
7 547 108
17 584 240
31 600 237
17 584 240
31 600 237
17 584 240
31 600 237
17 584 240
31 600 237
17 584 240
31 600 237
17 584 240
31 600 237
17 584 240
10 568 369
6 563 377
10 568 369
6 563 377
10 568 369
6 563 377
73 548 331
10 568 369
6 563 377
10 568 369
73 548 331
10 568 369
6 563 377
10 568 369
68 584 478
66 658 512
11 642 473
35 719 448
72 721 374
8 721 384
3 715 386
82 695 416
81 682 399
65 708 333
41 719 240
67 680 266
77 647 281
4 645 283
77 647 281
4 645 283
65 708 333
8 721 384
72 721 374
8 721 384
3 715 386
82 695 416
81 682 399
82 695 416
81 682 399
8 721 384
3 715 386
8 721 384
72 721 374
65 708 333
15 705 186
41 719 240
67 680 266
4 645 283
77 647 281
4 645 283
77 647 281
67 680 266
77 647 281
4 645 283
77 647 281
67 680 266
41 719 240
15 705 186
41 719 240
65 708 333
72 721 374
3 715 386
81 682 399
82 695 416
8 721 384
3 715 386
81 682 399
82 695 416
81 682 399
82 695 416
81 682 399
3 715 386
8 721 384
72 721 374
35 719 448
66 658 512
68 584 478
48 475 489
29 472 464
38 471 436
33 484 404
54 490 410
33 484 404
69 463 325
14 461 308
69 463 325
44 510 306
49 477 235
22 509 225
49 477 235
22 509 225
44 510 306
49 477 235
22 509 225
49 477 235
22 509 225
49 477 235
22 509 225
14 461 308
69 463 325
44 510 306
69 463 325
14 461 308
69 463 325
44 510 306
49 477 235
22 509 225
49 477 235
22 509 225
14 461 308
69 463 325
14 461 308
33 484 404
54 490 410
38 471 436
29 472 464
48 475 489
19 447 484
16 452 509
52 404 411
47 434 434
52 404 411
16 452 509
68 584 478
10 568 369
6 563 377
73 548 331
17 584 240
31 600 237
17 584 240
31 600 237
17 584 240
31 600 237
17 584 240
31 600 237
17 584 240
10 568 369
6 563 377
10 568 369
73 548 331
31 600 237
17 584 240
73 548 331
6 563 377
10 568 369
68 584 478
75 417 539
47 434 434
52 404 411
47 434 434
52 404 411
47 434 434
52 404 411
47 434 434
75 417 539
16 452 509
57 258 463
32 288 483
34 286 487
80 285 407
39 168 430
59 142 401
39 168 430
59 142 401
39 168 430
80 285 407
13 289 403
57 258 463
32 288 483
34 286 487
63 304 534
30 311 560
57 258 463
80 285 407
13 289 403
59 142 401
39 168 430
59 142 401
39 168 430
59 142 401
80 285 407
13 289 403
80 285 407
13 289 403
57 258 463
32 288 483
34 286 487
63 304 534
30 311 560
63 304 534
32 288 483
34 286 487
57 258 463
32 288 483
34 286 487
32 288 483
80 285 407
59 142 401
42 131 296
79 125 271
42 131 296
46 137 265
78 161 283
64 237 272
18 175 321
43 183 340
18 175 321
43 183 340
18 175 321
43 183 340
27 223 217
62 214 218
5 203 209
27 223 217
62 214 218
5 203 209
62 214 218
27 223 217
62 214 218
5 203 209
70 194 123
1 75 110
76 68 124
24 64 211
26 45 184
24 64 211
20 59 328
24 64 211
26 45 184
76 68 124
1 75 110
76 68 124
28 99 45
79 125 271
46 137 265
36 121 179
46 137 265
79 125 271
42 131 296
45 80 275
42 131 296
59 142 401
39 168 430
59 142 401
39 168 430
80 285 407
32 288 483
34 286 487
56 354 297
21 332 195
9 331 174
50 334 207
21 332 195
50 334 207
56 354 297
9 331 174
50 334 207
21 332 195
9 331 174
50 334 207
21 332 195
9 331 174
21 332 195
50 334 207
9 331 174
21 332 195
50 334 207
21 332 195
9 331 174
21 332 195
50 334 207
21 332 195
9 331 174
21 332 195
50 334 207
21 332 195
9 331 174
56 354 297
50 334 207
21 332 195
9 331 174
21 332 195
9 331 174
21 332 195
50 334 207
21 332 195
9 331 174
21 332 195
50 334 207
21 332 195
50 334 207
9 331 174
21 332 195
50 334 207
56 354 297
32 288 483
16 452 509
75 417 539
16 452 509
19 447 484
48 475 489
29 472 464
38 471 436
54 490 410
33 484 404
54 490 410
33 484 404
48 475 489
68 584 478
66 658 512
11 642 473
72 721 374
8 721 384
3 715 386
82 695 416
81 682 399
65 708 333
15 705 186
41 719 240
67 680 266
77 647 281
4 645 283
77 647 281
4 645 283
77 647 281
67 680 266
15 705 186
74 740 75
15 705 186
55 728 50
15 705 186
74 740 75
7 547 108
17 584 240
31 600 237
17 584 240
6 563 377
10 568 369
73 548 331
10 568 369
6 563 377
10 568 369
73 548 331
31 600 237
17 584 240
7 547 108
60 412 94
51 416 118
40 412 122
1 75 110
28 99 45
79 125 271
36 121 179
46 137 265
78 161 283
64 237 272
18 175 321
43 183 340
18 175 321
27 223 217
5 203 209
62 214 218
18 175 321
64 237 272
78 161 283
46 137 265
42 131 296
59 142 401
39 168 430
13 289 403
80 285 407
57 258 463
80 285 407
39 168 430
59 142 401
42 131 296
79 125 271
64 237 272
18 175 321
43 183 340
18 175 321
64 237 272
78 161 283
46 137 265
79 125 271
45 80 275
42 131 296
46 137 265
78 161 283
46 137 265
42 131 296
46 137 265
79 125 271
45 80 275
79 125 271
36 121 179
46 137 265
78 161 283
64 237 272
18 175 321
5 203 209
27 223 217
62 214 218
5 203 209
62 214 218
27 223 217
62 214 218
5 203 209
62 214 218
27 223 217
62 214 218
27 223 217
62 214 218
27 223 217
62 214 218
5 203 209
27 223 217
62 214 218
27 223 217
5 203 209
27 223 217
62 214 218
27 223 217
62 214 218
5 203 209
27 223 217
62 214 218
27 223 217
5 203 209
70 194 123
40 412 122
61 419 201
60 412 94
40 412 122
51 416 118
40 412 122
51 416 118
40 412 122
51 416 118
60 412 94
7 547 108
51 416 118
47 434 434
52 404 411
16 452 509
19 447 484
48 475 489
29 472 464
38 471 436
54 490 410
33 484 404
69 463 325
14 461 308
44 510 306
14 461 308
69 463 325
14 461 308
44 510 306
22 509 225
49 477 235
69 463 325
14 461 308
69 463 325
54 490 410
33 484 404
38 471 436
48 475 489
19 447 484
16 452 509
19 447 484
63 304 534
30 311 560
63 304 534
34 286 487
32 288 483
34 286 487
32 288 483
56 354 297
50 334 207
21 332 195
9 331 174
21 332 195
50 334 207
21 332 195
50 334 207
21 332 195
9 331 174
21 332 195
9 331 174
21 332 195
50 334 207
21 332 195
9 331 174
21 332 195
50 334 207
21 332 195
9 331 174
21 332 195
50 334 207
21 332 195
9 331 174
21 332 195
50 334 207
21 332 195
9 331 174
56 354 297
34 286 487
16 452 509
75 417 539
47 434 434
52 404 411
16 452 509
48 475 489
19 447 484
48 475 489
29 472 464
54 490 410
38 471 436
54 490 410
33 484 404
54 490 410
33 484 404
54 490 410
33 484 404
38 471 436
29 472 464
48 475 489
19 447 484
16 452 509
68 584 478
66 658 512
65 708 333
4 645 283
77 647 281
4 645 283
77 647 281
4 645 283
77 647 281
4 645 283
77 647 281
4 645 283
65 708 333
8 721 384
72 721 374
8 721 384
3 715 386
8 721 384
72 721 374
65 708 333
41 719 240
67 680 266
65 708 333
72 721 374
8 721 384
3 715 386
82 695 416
81 682 399
82 695 416
35 719 448
71 696 503
58 672 542
23 629 546
53 652 518
68 584 478
66 658 512
37 661 513
2 680 525
