1 75 110
76 68 124
26 45 184
24 64 211
26 45 184
24 64 211
26 45 184
20 59 328
24 64 211
26 45 184
76 68 124
1 75 110
70 194 123
62 214 218
27 223 217
62 214 218
5 203 209
62 214 218
27 223 217
62 214 218
5 203 209
62 214 218
27 223 217
62 214 218
5 203 209
62 214 218
27 223 217
62 214 218
5 203 209
62 214 218
27 223 217
18 175 321
43 183 340
18 175 321
43 183 340
18 175 321
43 183 340
18 175 321
64 237 272
78 161 283
46 137 265
42 131 296
59 142 401
39 168 430
59 142 401
42 131 296
45 80 275
46 137 265
79 125 271
42 131 296
46 137 265
78 161 283
46 137 265
42 131 296
46 137 265
78 161 283
79 125 271
46 137 265
36 121 179
46 137 265
79 125 271
45 80 275
42 131 296
46 137 265
78 161 283
46 137 265
79 125 271
42 131 296
45 80 275
64 237 272
18 175 321
5 203 209
62 214 218
27 223 217
62 214 218
5 203 209
70 194 123
76 68 124
1 75 110
76 68 124
1 75 110
76 68 124
1 75 110
28 99 45
1 75 110
70 194 123
25 176 78
70 194 123
1 75 110
76 68 124
26 45 184
24 64 211
26 45 184
76 68 124
70 194 123
5 203 209
62 214 218
27 223 217
5 203 209
62 214 218
70 194 123
1 75 110
28 99 45
1 75 110
76 68 124
70 194 123
25 176 78
70 194 123
27 223 217
5 203 209
62 214 218
18 175 321
64 237 272
18 175 321
43 183 340
18 175 321
43 183 340
18 175 321
64 237 272
78 161 283
46 137 265
42 131 296
79 125 271
59 142 401
80 285 407
13 289 403
80 285 407
13 289 403
80 285 407
57 258 463
34 286 487
32 288 483
34 286 487
32 288 483
57 258 463
13 289 403
80 285 407
13 289 403
80 285 407
57 258 463
32 288 483
34 286 487
80 285 407
39 168 430
59 142 401
42 131 296
46 137 265
78 161 283
64 237 272
18 175 321
43 183 340
18 175 321
64 237 272
78 161 283
46 137 265
79 125 271
45 80 275
42 131 296
46 137 265
78 161 283
46 137 265
42 131 296
46 137 265
79 125 271
45 80 275
79 125 271
36 121 179
46 137 265
78 161 283
64 237 272
18 175 321
43 183 340
18 175 321
5 203 209
27 223 217
62 214 218
5 203 209
27 223 217
62 214 218
5 203 209
27 223 217
62 214 218
70 194 123
25 176 78
70 194 123
60 412 94
40 412 122
51 416 118
40 412 122
51 416 118
60 412 94
61 419 201
51 416 118
7 547 108
31 600 237
17 584 240
73 548 331
10 568 369
6 563 377
10 568 369
73 548 331
10 568 369
6 563 377
10 568 369
73 548 331
6 563 377
10 568 369
6 563 377
10 568 369
6 563 377
10 568 369
73 548 331
6 563 377
10 568 369
68 584 478
16 452 509
19 447 484
48 475 489
29 472 464
38 471 436
33 484 404
54 490 410
33 484 404
38 471 436
29 472 464
48 475 489
19 447 484
48 475 489
16 452 509
52 404 411
47 434 434
52 404 411
47 434 434
75 417 539
19 447 484
48 475 489
29 472 464
38 471 436
54 490 410
33 484 404
54 490 410
33 484 404
14 461 308
69 463 325
44 510 306
69 463 325
14 461 308
22 509 225
49 477 235
14 461 308
69 463 325
44 510 306
22 509 225
49 477 235
22 509 225
14 461 308
69 463 325
14 461 308
44 510 306
33 484 404
54 490 410
38 471 436
29 472 464
48 475 489
16 452 509
52 404 411
47 434 434
52 404 411
47 434 434
52 404 411
47 434 434
52 404 411
47 434 434
75 417 539
16 452 509
32 288 483
34 286 487
63 304 534
30 311 560
63 304 534
57 258 463
32 288 483
34 286 487
32 288 483
80 285 407
13 289 403
80 285 407
57 258 463
32 288 483
56 354 297
50 334 207
21 332 195
9 331 174
21 332 195
50 334 207
21 332 195
9 331 174
21 332 195
50 334 207
56 354 297
50 334 207
21 332 195
9 331 174
21 332 195
50 334 207
21 332 195
9 331 174
21 332 195
50 334 207
21 332 195
9 331 174
21 332 195
50 334 207
21 332 195
50 334 207
56 354 297
32 288 483
16 452 509
19 447 484
48 475 489
38 471 436
33 484 404
54 490 410
33 484 404
38 471 436
29 472 464
48 475 489
68 584 478
66 658 512
37 661 513
2 680 525
