1 75 110
14 70 106
1 75 110
14 70 106
72 138 103
63 132 199
30 110 197
23 112 180
63 132 199
30 110 197
23 112 180
63 132 199
31 144 303
71 129 366
31 144 303
71 129 366
31 144 303
63 132 199
30 110 197
23 112 180
63 132 199
30 110 197
72 138 103
15 211 105
69 234 119
15 211 105
69 234 119
15 211 105
69 234 119
72 138 103
1 75 110
14 70 106
72 138 103
23 112 180
27 166 86
30 110 197
63 132 199
30 110 197
23 112 180
63 132 199
30 110 197
23 112 180
30 110 197
63 132 199
30 110 197
23 112 180
30 110 197
63 132 199
31 144 303
71 129 366
31 144 303
71 129 366
31 144 303
72 138 103
14 70 106
1 75 110
81 50 222
12 61 433
50 57 318
68 66 294
50 57 318
68 66 294
81 50 222
68 66 294
50 57 318
68 66 294
50 57 318
68 66 294
50 57 318
68 66 294
50 57 318
12 61 433
49 188 435
8 216 402
38 186 375
61 215 334
37 213 307
29 218 299
37 213 307
25 185 266
4 177 298
25 185 266
29 218 299
37 213 307
61 215 334
4 177 298
38 186 375
8 216 402
33 250 431
74 343 405
34 348 335
57 324 317
17 326 296
26 350 303
34 348 335
26 350 303
36 362 276
62 319 232
17 326 296
57 324 317
26 350 303
36 362 276
26 350 303
34 348 335
57 324 317
17 326 296
57 324 317
34 348 335
26 350 303
36 362 276
62 319 232
17 326 296
57 324 317
17 326 296
26 350 303
36 362 276
26 350 303
34 348 335
26 350 303
57 324 317
17 326 296
36 362 276
51 417 299
56 385 366
5 390 422
56 385 366
5 390 422
51 417 299
36 362 276
17 326 296
26 350 303
57 324 317
34 348 335
57 324 317
17 326 296
26 350 303
17 326 296
74 343 405
33 250 431
8 216 402
33 250 431
45 306 480
70 258 484
52 302 529
21 342 472
45 306 480
33 250 431
45 306 480
70 258 484
48 290 559
52 302 529
45 306 480
21 342 472
74 343 405
20 358 413
65 356 423
20 358 413
74 343 405
20 358 413
65 356 423
33 250 431
8 216 402
61 215 334
37 213 307
29 218 299
25 185 266
4 177 298
25 185 266
4 177 298
25 185 266
4 177 298
61 215 334
37 213 307
29 218 299
37 213 307
61 215 334
29 218 299
37 213 307
61 215 334
29 218 299
37 213 307
29 218 299
37 213 307
25 185 266
4 177 298
61 215 334
38 186 375
8 216 402
33 250 431
49 188 435
33 250 431
45 306 480
70 258 484
40 253 296
55 256 189
40 253 296
45 306 480
21 342 472
65 356 423
20 358 413
74 343 405
20 358 413
65 356 423
33 250 431
8 216 402
37 213 307
29 218 299
37 213 307
29 218 299
37 213 307
61 215 334
37 213 307
29 218 299
37 213 307
4 177 298
25 185 266
4 177 298
29 218 299
37 213 307
61 215 334
15 211 105
72 138 103
1 75 110
14 70 106
81 50 222
68 66 294
50 57 318
68 66 294
12 61 433
49 188 435
38 186 375
61 215 334
37 213 307
29 218 299
4 177 298
25 185 266
37 213 307
61 215 334
8 216 402
45 306 480
70 258 484
40 253 296
55 256 189
40 253 296
45 306 480
21 342 472
41 420 528
76 495 520
6 507 467
28 505 455
59 481 422
28 505 455
6 507 467
76 495 520
41 420 528
5 390 422
56 385 366
51 417 299
10 419 144
3 431 114
7 445 83
43 497 148
47 461 82
7 445 83
3 431 114
22 387 94
10 419 144
3 431 114
22 387 94
10 419 144
51 417 299
36 362 276
26 350 303
34 348 335
57 324 317
17 326 296
26 350 303
36 362 276
62 319 232
36 362 276
26 350 303
34 348 335
26 350 303
57 324 317
17 326 296
57 324 317
34 348 335
26 350 303
36 362 276
51 417 299
56 385 366
5 390 422
41 420 528
21 342 472
20 358 413
65 356 423
20 358 413
74 343 405
21 342 472
45 306 480
70 258 484
45 306 480
33 250 431
49 188 435
8 216 402
45 306 480
40 253 296
45 306 480
66 584 488
75 580 440
82 579 429
60 560 441
32 548 394
18 608 273
35 585 292
58 600 261
54 581 254
44 590 227
39 585 191
53 602 174
44 590 227
54 581 254
58 600 261
54 581 254
35 585 292
18 608 273
35 585 292
53 602 174
39 585 191
44 590 227
53 602 174
39 585 191
53 602 174
39 585 191
44 590 227
58 600 261
54 581 254
58 600 261
54 581 254
35 585 292
18 608 273
73 680 287
19 701 253
46 701 183
79 713 148
64 708 98
77 663 90
78 639 105
67 620 119
78 639 105
67 620 119
78 639 105
77 663 90
78 639 105
67 620 119
64 708 98
79 713 148
46 701 183
19 701 253
24 713 256
19 701 253
24 713 256
19 701 253
35 585 292
54 581 254
58 600 261
44 590 227
39 585 191
53 602 174
39 585 191
44 590 227
54 581 254
58 600 261
35 585 292
18 608 273
73 680 287
19 701 253
24 713 256
46 701 183
79 713 148
64 708 98
77 663 90
78 639 105
67 620 119
7 445 83
47 461 82
43 497 148
47 461 82
7 445 83
3 431 114
10 419 144
22 387 94
51 417 299
36 362 276
26 350 303
17 326 296
57 324 317
34 348 335
62 319 232
36 362 276
51 417 299
56 385 366
5 390 422
56 385 366
41 420 528
76 495 520
6 507 467
28 505 455
59 481 422
28 505 455
6 507 467
28 505 455
6 507 467
28 505 455
59 481 422
28 505 455
6 507 467
76 495 520
66 584 488
75 580 440
32 548 394
82 579 429
75 580 440
60 560 441
82 579 429
75 580 440
60 560 441
32 548 394
82 579 429
75 580 440
60 560 441
82 579 429
75 580 440
32 548 394
66 584 488
13 646 493
42 642 402
80 697 415
16 709 430
13 646 493
9 643 503
66 584 488
76 495 520
6 507 467
28 505 455
59 481 422
28 505 455
6 507 467
28 505 455
59 481 422
28 505 455
41 420 528
21 342 472
74 343 405
20 358 413
65 356 423
20 358 413
74 343 405
65 356 423
20 358 413
74 343 405
65 356 423
21 342 472
45 306 480
40 253 296
55 256 189
40 253 296
45 306 480
21 342 472
41 420 528
5 390 422
56 385 366
5 390 422
51 417 299
36 362 276
17 326 296
57 324 317
65 356 423
20 358 413
74 343 405
20 358 413
65 356 423
21 342 472
45 306 480
70 258 484
52 302 529
48 290 559
52 302 529
21 342 472
41 420 528
21 342 472
74 343 405
34 348 335
26 350 303
36 362 276
62 319 232
17 326 296
57 324 317
26 350 303
36 362 276
26 350 303
57 324 317
34 348 335
74 343 405
20 358 413
65 356 423
74 343 405
20 358 413
74 343 405
20 358 413
65 356 423
8 216 402
4 177 298
25 185 266
15 211 105
69 234 119
15 211 105
69 234 119
15 211 105
69 234 119
72 138 103
23 112 180
30 110 197
63 132 199
71 129 366
31 144 303
71 129 366
31 144 303
71 129 366
31 144 303
72 138 103
15 211 105
69 234 119
15 211 105
69 234 119
22 387 94
3 431 114
7 445 83
43 497 148
47 461 82
7 445 83
3 431 114
10 419 144
22 387 94
3 431 114
10 419 144
7 445 83
47 461 82
43 497 148
47 461 82
3 431 114
22 387 94
51 417 299
36 362 276
57 324 317
17 326 296
26 350 303
34 348 335
57 324 317
17 326 296
26 350 303
36 362 276
26 350 303
34 348 335
57 324 317
17 326 296
26 350 303
36 362 276
62 319 232
17 326 296
57 324 317
26 350 303
36 362 276
26 350 303
57 324 317
17 326 296
57 324 317
26 350 303
36 362 276
26 350 303
34 348 335
57 324 317
17 326 296
26 350 303
36 362 276
26 350 303
74 343 405
33 250 431
8 216 402
38 186 375
8 216 402
49 188 435
33 250 431
74 343 405
20 358 413
65 356 423
20 358 413
74 343 405
65 356 423
21 342 472
45 306 480
70 258 484
45 306 480
21 342 472
52 302 529
48 290 559
52 302 529
45 306 480
33 250 431
49 188 435
12 61 433
68 66 294
81 50 222
1 75 110
72 138 103
23 112 180
63 132 199
30 110 197
63 132 199
23 112 180
63 132 199
30 110 197
23 112 180
30 110 197
63 132 199
23 112 180
30 110 197
63 132 199
30 110 197
63 132 199
23 112 180
63 132 199
30 110 197
63 132 199
23 112 180
63 132 199
30 110 197
63 132 199
23 112 180
30 110 197
23 112 180
30 110 197
63 132 199
23 112 180
27 166 86
23 112 180
72 138 103
14 70 106
1 75 110
72 138 103
15 211 105
69 234 119
15 211 105
25 185 266
37 213 307
29 218 299
25 185 266
4 177 298
37 213 307
61 215 334
49 188 435
8 216 402
38 186 375
61 215 334
29 218 299
37 213 307
25 185 266
4 177 298
25 185 266
29 218 299
8 216 402
45 306 480
40 253 296
45 306 480
17 326 296
26 350 303
34 348 335
57 324 317
17 326 296
36 362 276
51 417 299
56 385 366
5 390 422
41 420 528
66 584 488
75 580 440
60 560 441
32 548 394
60 560 441
75 580 440
82 579 429
66 584 488
9 643 503
13 646 493
9 643 503
2 680 525
