1 75 110
51 37 389
16 61 385
38 37 340
16 61 385
51 37 389
60 49 429
71 123 433
61 100 313
20 124 231
56 138 206
20 124 231
56 138 206
20 124 231
56 138 206
61 100 313
71 123 433
22 234 431
13 218 417
39 229 407
32 218 394
31 193 341
11 182 347
31 193 341
15 187 262
19 182 207
28 193 173
74 219 156
66 209 143
74 219 156
28 193 173
19 182 207
15 187 262
19 182 207
74 219 156
66 209 143
28 193 173
74 219 156
66 209 143
74 219 156
28 193 173
19 182 207
15 187 262
31 193 341
11 182 347
31 193 341
32 218 394
39 229 407
13 218 417
22 234 431
39 229 407
32 218 394
13 218 417
39 229 407
32 218 394
31 193 341
11 182 347
22 234 431
63 316 402
30 323 440
63 316 402
30 323 440
63 316 402
80 303 514
65 380 496
53 398 465
23 391 457
65 380 496
53 398 465
23 391 457
47 399 355
72 402 382
47 399 355
72 402 382
23 391 457
53 398 465
65 380 496
53 398 465
23 391 457
65 380 496
80 303 514
78 272 362
75 278 315
3 257 338
78 272 362
3 257 338
78 272 362
3 257 338
75 278 315
78 272 362
3 257 338
78 272 362
75 278 315
3 257 338
78 272 362
3 257 338
75 278 315
3 257 338
78 272 362
75 278 315
3 257 338
78 272 362
75 278 315
3 257 338
75 278 315
3 257 338
78 272 362
75 278 315
3 257 338
75 278 315
78 272 362
3 257 338
75 278 315
78 272 362
3 257 338
78 272 362
75 278 315
78 272 362
80 303 514
65 380 496
34 420 526
82 482 464
70 498 316
25 496 297
58 485 294
70 498 316
57 511 336
29 500 391
73 481 381
43 485 348
73 481 381
29 500 391
73 481 381
43 485 348
70 498 316
25 496 297
58 485 294
68 476 206
24 484 165
33 462 99
67 405 127
6 409 161
67 405 127
6 409 161
67 405 127
6 409 161
67 405 127
6 409 161
67 405 127
33 462 99
54 313 137
52 322 185
18 352 188
35 343 248
52 322 185
18 352 188
54 313 137
18 352 188
52 322 185
18 352 188
52 322 185
35 343 248
18 352 188
52 322 185
18 352 188
52 322 185
54 313 137
52 322 185
18 352 188
35 343 248
52 322 185
54 313 137
18 352 188
52 322 185
35 343 248
63 316 402
22 234 431
13 218 417
39 229 407
32 218 394
31 193 341
11 182 347
31 193 341
11 182 347
32 218 394
39 229 407
13 218 417
22 234 431
39 229 407
13 218 417
71 123 433
56 138 206
20 124 231
56 138 206
20 124 231
56 138 206
20 124 231
56 138 206
20 124 231
56 138 206
20 124 231
61 100 313
20 124 231
56 138 206
20 124 231
71 123 433
60 49 429
16 61 385
51 37 389
60 49 429
51 37 389
38 37 340
16 61 385
51 37 389
38 37 340
51 37 389
71 123 433
32 218 394
11 182 347
31 193 341
11 182 347
31 193 341
11 182 347
15 187 262
19 182 207
28 193 173
74 219 156
66 209 143
74 219 156
28 193 173
74 219 156
66 209 143
74 219 156
28 193 173
19 182 207
15 187 262
31 193 341
32 218 394
39 229 407
22 234 431
63 316 402
80 303 514
78 272 362
3 257 338
75 278 315
3 257 338
78 272 362
3 257 338
75 278 315
78 272 362
3 257 338
78 272 362
3 257 338
75 278 315
3 257 338
78 272 362
75 278 315
3 257 338
75 278 315
78 272 362
3 257 338
75 278 315
78 272 362
3 257 338
75 278 315
78 272 362
80 303 514
30 323 440
39 229 407
32 218 394
39 229 407
13 218 417
22 234 431
13 218 417
32 218 394
39 229 407
32 218 394
13 218 417
39 229 407
22 234 431
13 218 417
71 123 433
51 37 389
16 61 385
38 37 340
16 61 385
62 68 235
16 61 385
38 37 340
51 37 389
60 49 429
32 218 394
31 193 341
11 182 347
31 193 341
32 218 394
39 229 407
13 218 417
22 234 431
63 316 402
30 323 440
63 316 402
30 323 440
63 316 402
30 323 440
63 316 402
80 303 514
65 380 496
34 420 526
82 482 464
57 511 336
58 485 294
25 496 297
70 498 316
57 511 336
43 485 348
73 481 381
29 500 391
73 481 381
43 485 348
70 498 316
25 496 297
58 485 294
68 476 206
33 462 99
67 405 127
6 409 161
67 405 127
33 462 99
24 484 165
68 476 206
58 485 294
25 496 297
70 498 316
43 485 348
73 481 381
29 500 391
57 511 336
70 498 316
58 485 294
25 496 297
58 485 294
57 511 336
43 485 348
29 500 391
73 481 381
70 498 316
25 496 297
58 485 294
70 498 316
57 511 336
43 485 348
25 496 297
70 498 316
57 511 336
43 485 348
58 485 294
25 496 297
70 498 316
57 511 336
43 485 348
73 481 381
29 500 391
73 481 381
29 500 391
73 481 381
43 485 348
57 511 336
70 498 316
25 496 297
58 485 294
43 485 348
57 511 336
70 498 316
25 496 297
58 485 294
25 496 297
70 498 316
57 511 336
43 485 348
73 481 381
29 500 391
73 481 381
43 485 348
57 511 336
43 485 348
70 498 316
25 496 297
58 485 294
25 496 297
70 498 316
58 485 294
25 496 297
70 498 316
57 511 336
43 485 348
29 500 391
73 481 381
29 500 391
57 511 336
70 498 316
25 496 297
58 485 294
25 496 297
70 498 316
57 511 336
70 498 316
25 496 297
58 485 294
68 476 206
24 484 165
33 462 99
67 405 127
6 409 161
67 405 127
33 462 99
24 484 165
68 476 206
24 484 165
33 462 99
67 405 127
6 409 161
67 405 127
33 462 99
24 484 165
68 476 206
24 484 165
33 462 99
67 405 127
6 409 161
47 399 355
72 402 382
47 399 355
23 391 457
53 398 465
65 380 496
34 420 526
82 482 464
49 586 550
14 591 466
44 590 451
40 567 382
76 548 415
40 567 382
17 582 286
42 686 277
12 678 211
81 637 139
77 628 75
81 637 139
12 678 211
42 686 277
17 582 286
64 556 236
7 577 196
64 556 236
7 577 196
64 556 236
7 577 196
64 556 236
7 577 196
17 582 286
40 567 382
76 548 415
44 590 451
14 591 466
44 590 451
14 591 466
40 567 382
76 548 415
40 567 382
17 582 286
42 686 277
69 660 314
8 644 356
55 649 393
8 644 356
55 649 393
8 644 356
69 660 314
12 678 211
26 725 283
42 686 277
50 714 360
55 649 393
37 687 473
10 710 472
46 646 524
14 591 466
44 590 451
14 591 466
44 590 451
14 591 466
44 590 451
14 591 466
44 590 451
14 591 466
40 567 382
76 548 415
40 567 382
76 548 415
14 591 466
46 646 524
10 710 472
37 687 473
50 714 360
69 660 314
42 686 277
69 660 314
8 644 356
55 649 393
8 644 356
42 686 277
17 582 286
64 556 236
17 582 286
76 548 415
40 567 382
76 548 415
40 567 382
76 548 415
44 590 451
4 461 545
34 420 526
65 380 496
23 391 457
53 398 465
23 391 457
72 402 382
47 399 355
72 402 382
47 399 355
72 402 382
47 399 355
72 402 382
47 399 355
72 402 382
23 391 457
53 398 465
23 391 457
53 398 465
23 391 457
53 398 465
23 391 457
53 398 465
65 380 496
34 420 526
82 482 464
29 500 391
73 481 381
43 485 348
25 496 297
58 485 294
25 496 297
70 498 316
57 511 336
43 485 348
29 500 391
73 481 381
29 500 391
57 511 336
43 485 348
73 481 381
29 500 391
82 482 464
4 461 545
44 590 451
40 567 382
17 582 286
64 556 236
7 577 196
64 556 236
17 582 286
42 686 277
81 637 139
77 628 75
81 637 139
77 628 75
7 577 196
64 556 236
7 577 196
17 582 286
64 556 236
7 577 196
64 556 236
17 582 286
40 567 382
44 590 451
14 591 466
34 420 526
65 380 496
53 398 465
23 391 457
47 399 355
72 402 382
47 399 355
72 402 382
47 399 355
72 402 382
47 399 355
72 402 382
47 399 355
67 405 127
33 462 99
24 484 165
68 476 206
24 484 165
68 476 206
24 484 165
58 485 294
25 496 297
70 498 316
43 485 348
57 511 336
73 481 381
29 500 391
43 485 348
58 485 294
25 496 297
70 498 316
57 511 336
70 498 316
58 485 294
25 496 297
43 485 348
73 481 381
29 500 391
73 481 381
43 485 348
58 485 294
25 496 297
70 498 316
57 511 336
24 484 165
33 462 99
54 313 137
52 322 185
18 352 188
52 322 185
18 352 188
35 343 248
52 322 185
18 352 188
54 313 137
52 322 185
18 352 188
35 343 248
52 322 185
54 313 137
52 322 185
18 352 188
35 343 248
52 322 185
18 352 188
52 322 185
54 313 137
52 322 185
18 352 188
35 343 248
63 316 402
22 234 431
13 218 417
71 123 433
22 234 431
13 218 417
39 229 407
32 218 394
39 229 407
30 323 440
27 270 538
80 303 514
30 323 440
63 316 402
22 234 431
71 123 433
51 37 389
62 68 235
16 61 385
38 37 340
16 61 385
51 37 389
60 49 429
71 123 433
32 218 394
15 187 262
19 182 207
28 193 173
66 209 143
74 219 156
28 193 173
19 182 207
74 219 156
66 209 143
74 219 156
28 193 173
19 182 207
15 187 262
19 182 207
28 193 173
74 219 156
66 209 143
11 182 347
22 234 431
63 316 402
35 343 248
18 352 188
52 322 185
54 313 137
33 462 99
67 405 127
6 409 161
67 405 127
6 409 161
67 405 127
6 409 161
67 405 127
6 409 161
47 399 355
72 402 382
47 399 355
72 402 382
23 391 457
53 398 465
65 380 496
39 229 407
22 234 431
39 229 407
32 218 394
31 193 341
11 182 347
31 193 341
32 218 394
39 229 407
13 218 417
32 218 394
39 229 407
22 234 431
13 218 417
39 229 407
32 218 394
11 182 347
31 193 341
15 187 262
19 182 207
28 193 173
74 219 156
66 209 143
74 219 156
66 209 143
28 193 173
74 219 156
66 209 143
28 193 173
19 182 207
28 193 173
74 219 156
66 209 143
28 193 173
74 219 156
32 218 394
71 123 433
61 100 313
71 123 433
60 49 429
51 37 389
62 68 235
16 61 385
38 37 340
16 61 385
51 37 389
60 49 429
71 123 433
56 138 206
20 124 231
56 138 206
20 124 231
56 138 206
71 123 433
32 218 394
19 182 207
15 187 262
19 182 207
28 193 173
74 219 156
66 209 143
74 219 156
28 193 173
19 182 207
15 187 262
31 193 341
32 218 394
39 229 407
13 218 417
65 380 496
23 391 457
53 398 465
23 391 457
53 398 465
23 391 457
72 402 382
47 399 355
72 402 382
47 399 355
72 402 382
23 391 457
53 398 465
23 391 457
65 380 496
34 420 526
14 591 466
44 590 451
14 591 466
44 590 451
14 591 466
46 646 524
2 680 525
