1 75 110
70 134 150
78 145 251
14 145 293
11 100 283
78 145 251
14 145 293
38 141 352
14 145 293
38 141 352
14 145 293
78 145 251
11 100 283
24 262 286
36 261 349
24 262 286
32 258 282
63 271 264
24 262 286
32 258 282
36 261 349
23 290 418
25 286 455
45 315 398
39 336 306
45 315 398
25 286 455
23 290 418
55 260 496
65 268 514
30 260 565
33 313 552
65 268 514
18 380 489
25 286 455
45 315 398
39 336 306
21 366 272
39 336 306
5 334 158
54 343 170
53 343 195
52 347 217
53 343 195
54 343 170
5 334 158
54 343 170
53 343 195
52 347 217
53 343 195
54 343 170
5 334 158
54 343 170
53 343 195
52 347 217
53 343 195
54 343 170
5 334 158
54 343 170
53 343 195
52 347 217
53 343 195
54 343 170
5 334 158
54 343 170
53 343 195
52 347 217
53 343 195
54 343 170
5 334 158
54 343 170
53 343 195
52 347 217
53 343 195
54 343 170
5 334 158
54 343 170
53 343 195
52 347 217
53 343 195
54 343 170
5 334 158
54 343 170
53 343 195
52 347 217
53 343 195
54 343 170
5 334 158
54 343 170
39 336 306
21 366 272
39 336 306
21 366 272
39 336 306
21 366 272
39 336 306
45 315 398
25 286 455
18 380 489
31 480 501
9 484 431
35 486 429
9 484 431
35 486 429
51 503 343
61 507 332
76 504 317
61 507 332
51 503 343
61 507 332
76 504 317
61 507 332
51 503 343
61 507 332
76 504 317
61 507 332
51 503 343
61 507 332
51 503 343
76 504 317
51 503 343
61 507 332
76 504 317
35 486 429
9 484 431
31 480 501
27 505 530
48 567 503
6 550 435
22 599 401
8 601 515
49 640 506
42 661 496
43 653 464
58 654 448
46 643 443
81 654 378
69 632 394
7 647 328
4 662 333
10 674 308
59 711 277
10 674 308
7 647 328
4 662 333
81 654 378
46 643 443
58 654 448
43 653 464
49 640 506
72 593 511
6 550 435
22 599 401
72 593 511
8 601 515
72 593 511
43 653 464
46 643 443
69 632 394
81 654 378
4 662 333
7 647 328
4 662 333
10 674 308
59 711 277
81 654 378
69 632 394
46 643 443
58 654 448
43 653 464
42 661 496
49 640 506
8 601 515
80 581 232
47 593 102
3 557 117
68 544 129
3 557 117
41 533 122
71 470 144
15 469 100
71 470 144
15 469 100
41 533 122
3 557 117
68 544 129
47 593 102
3 557 117
68 544 129
3 557 117
41 533 122
66 651 103
28 602 50
66 651 103
37 671 75
66 651 103
47 593 102
80 581 232
22 599 401
48 567 503
31 480 501
9 484 431
35 486 429
9 484 431
35 486 429
9 484 431
35 486 429
51 503 343
61 507 332
76 504 317
61 507 332
51 503 343
61 507 332
76 504 317
61 507 332
51 503 343
61 507 332
76 504 317
61 507 332
51 503 343
35 486 429
9 484 431
35 486 429
9 484 431
35 486 429
31 480 501
27 505 530
31 480 501
27 505 530
18 380 489
25 286 455
23 290 418
25 286 455
45 315 398
39 336 306
21 366 272
24 262 286
63 271 264
32 258 282
24 262 286
62 403 271
19 429 246
62 403 271
44 399 306
56 410 310
60 418 348
34 412 365
60 418 348
56 410 310
44 399 306
62 403 271
19 429 246
62 403 271
19 429 246
44 399 306
56 410 310
60 418 348
34 412 365
60 418 348
56 410 310
62 403 271
44 399 306
56 410 310
19 429 246
62 403 271
44 399 306
56 410 310
34 412 365
60 418 348
34 412 365
60 418 348
44 399 306
56 410 310
62 403 271
19 429 246
77 418 157
19 429 246
62 403 271
60 418 348
34 412 365
60 418 348
34 412 365
60 418 348
34 412 365
60 418 348
56 410 310
44 399 306
62 403 271
19 429 246
62 403 271
56 410 310
60 418 348
34 412 365
44 399 306
56 410 310
60 418 348
34 412 365
60 418 348
34 412 365
60 418 348
34 412 365
60 418 348
34 412 365
60 418 348
34 412 365
60 418 348
34 412 365
56 410 310
44 399 306
56 410 310
44 399 306
62 403 271
19 429 246
62 403 271
44 399 306
56 410 310
60 418 348
34 412 365
62 403 271
59 711 277
10 674 308
4 662 333
7 647 328
10 674 308
4 662 333
7 647 328
81 654 378
69 632 394
81 654 378
69 632 394
81 654 378
4 662 333
7 647 328
10 674 308
4 662 333
7 647 328
81 654 378
69 632 394
58 654 448
46 643 443
43 653 464
49 640 506
26 615 539
8 601 515
64 576 532
73 560 544
67 553 552
73 560 544
64 576 532
8 601 515
72 593 511
48 567 503
22 599 401
6 550 435
48 567 503
72 593 511
8 601 515
64 576 532
73 560 544
9 484 431
35 486 429
51 503 343
61 507 332
76 504 317
61 507 332
51 503 343
61 507 332
76 504 317
61 507 332
51 503 343
61 507 332
76 504 317
61 507 332
51 503 343
61 507 332
76 504 317
61 507 332
51 503 343
71 470 144
41 533 122
3 557 117
68 544 129
3 557 117
80 581 232
47 593 102
66 651 103
28 602 50
66 651 103
47 593 102
3 557 117
68 544 129
3 557 117
41 533 122
15 469 100
71 470 144
15 469 100
41 533 122
3 557 117
68 544 129
3 557 117
41 533 122
3 557 117
68 544 129
3 557 117
68 544 129
3 557 117
41 533 122
47 593 102
66 651 103
37 671 75
28 602 50
66 651 103
37 671 75
59 711 277
62 403 271
34 412 365
60 418 348
44 399 306
56 410 310
62 403 271
44 399 306
34 412 365
60 418 348
56 410 310
44 399 306
62 403 271
19 429 246
56 410 310
60 418 348
34 412 365
44 399 306
62 403 271
19 429 246
56 410 310
60 418 348
34 412 365
60 418 348
56 410 310
44 399 306
62 403 271
19 429 246
56 410 310
44 399 306
62 403 271
19 429 246
60 418 348
34 412 365
60 418 348
56 410 310
44 399 306
62 403 271
19 429 246
77 418 157
44 399 306
56 410 310
44 399 306
62 403 271
19 429 246
62 403 271
19 429 246
62 403 271
44 399 306
56 410 310
44 399 306
60 418 348
34 412 365
60 418 348
56 410 310
44 399 306
56 410 310
60 418 348
34 412 365
60 418 348
44 399 306
56 410 310
62 403 271
19 429 246
62 403 271
24 262 286
63 271 264
32 258 282
24 262 286
32 258 282
63 271 264
36 261 349
24 262 286
63 271 264
32 258 282
24 262 286
32 258 282
24 262 286
32 258 282
21 366 272
39 336 306
52 347 217
53 343 195
54 343 170
5 334 158
54 343 170
53 343 195
52 347 217
53 343 195
54 343 170
5 334 158
54 343 170
53 343 195
52 347 217
39 336 306
21 366 272
39 336 306
52 347 217
53 343 195
54 343 170
5 334 158
54 343 170
53 343 195
52 347 217
53 343 195
54 343 170
5 334 158
54 343 170
53 343 195
52 347 217
53 343 195
54 343 170
5 334 158
54 343 170
53 343 195
52 347 217
53 343 195
54 343 170
5 334 158
54 343 170
53 343 195
52 347 217
53 343 195
54 343 170
5 334 158
39 336 306
21 366 272
24 262 286
63 271 264
32 258 282
11 100 283
38 141 352
14 145 293
78 145 251
14 145 293
38 141 352
11 100 283
14 145 293
78 145 251
70 134 150
79 157 110
75 199 124
74 224 113
12 213 208
13 219 368
20 192 225
12 213 208
20 192 225
12 213 208
20 192 225
12 213 208
13 219 368
20 192 225
12 213 208
20 192 225
12 213 208
75 199 124
74 224 113
75 199 124
74 224 113
79 157 110
70 134 150
1 75 110
79 157 110
75 199 124
74 224 113
12 213 208
20 192 225
13 219 368
12 213 208
20 192 225
74 224 113
75 199 124
79 157 110
70 134 150
78 145 251
14 145 293
78 145 251
14 145 293
38 141 352
14 145 293
78 145 251
11 100 283
24 262 286
32 258 282
24 262 286
32 258 282
63 271 264
24 262 286
32 258 282
62 403 271
56 410 310
44 399 306
60 418 348
34 412 365
60 418 348
34 412 365
60 418 348
56 410 310
44 399 306
62 403 271
19 429 246
62 403 271
44 399 306
56 410 310
44 399 306
62 403 271
77 418 157
62 403 271
24 262 286
32 258 282
63 271 264
32 258 282
24 262 286
36 261 349
23 290 418
25 286 455
45 315 398
39 336 306
21 366 272
39 336 306
52 347 217
53 343 195
54 343 170
5 334 158
53 343 195
52 347 217
39 336 306
45 315 398
25 286 455
23 290 418
55 260 496
65 268 514
30 260 565
33 313 552
65 268 514
55 260 496
65 268 514
55 260 496
36 261 349
63 271 264
24 262 286
62 403 271
60 418 348
34 412 365
60 418 348
56 410 310
44 399 306
62 403 271
56 410 310
44 399 306
56 410 310
60 418 348
34 412 365
60 418 348
34 412 365
60 418 348
44 399 306
56 410 310
62 403 271
19 429 246
77 418 157
19 429 246
62 403 271
44 399 306
56 410 310
44 399 306
62 403 271
19 429 246
62 403 271
56 410 310
44 399 306
56 410 310
44 399 306
56 410 310
44 399 306
34 412 365
60 418 348
34 412 365
60 418 348
56 410 310
44 399 306
56 410 310
44 399 306
62 403 271
19 429 246
62 403 271
56 410 310
60 418 348
34 412 365
60 418 348
56 410 310
44 399 306
29 428 565
17 703 517
40 717 502
17 703 517
16 672 533
2 680 525
42 661 496
40 717 502
17 703 517
2 680 525
16 672 533
50 660 548
57 651 535
26 615 539
49 640 506
42 661 496
58 654 448
46 643 443
43 653 464
58 654 448
46 643 443
49 640 506
57 651 535
50 660 548
2 680 525
16 672 533
2 680 525
42 661 496
57 651 535
50 660 548
16 672 533
2 680 525
16 672 533
50 660 548
57 651 535
42 661 496
43 653 464
58 654 448
46 643 443
49 640 506
26 615 539
8 601 515
72 593 511
64 576 532
73 560 544
67 553 552
73 560 544
64 576 532
73 560 544
67 553 552
73 560 544
64 576 532
8 601 515
72 593 511
48 567 503
22 599 401
6 550 435
48 567 503
27 505 530
31 480 501
9 484 431
35 486 429
51 503 343
61 507 332
76 504 317
61 507 332
51 503 343
35 486 429
9 484 431
31 480 501
18 380 489
31 480 501
29 428 565
27 505 530
48 567 503
6 550 435
22 599 401
80 581 232
3 557 117
41 533 122
71 470 144
15 469 100
41 533 122
3 557 117
68 544 129
47 593 102
66 651 103
28 602 50
37 671 75
7 647 328
4 662 333
10 674 308
81 654 378
69 632 394
46 643 443
58 654 448
43 653 464
72 593 511
8 601 515
64 576 532
73 560 544
67 553 552
26 615 539
49 640 506
42 661 496
57 651 535
50 660 548
16 672 533
2 680 525
17 703 517
40 717 502
59 711 277
62 403 271
24 262 286
32 258 282
63 271 264
32 258 282
24 262 286
32 258 282
63 271 264
24 262 286
32 258 282
21 366 272
39 336 306
45 315 398
25 286 455
23 290 418
36 261 349
24 262 286
32 258 282
63 271 264
32 258 282
24 262 286
25 286 455
45 315 398
25 286 455
23 290 418
25 286 455
18 380 489
65 268 514
33 313 552
30 260 565
65 268 514
55 260 496
25 286 455
45 315 398
25 286 455
23 290 418
36 261 349
32 258 282
24 262 286
63 271 264
32 258 282
11 100 283
70 134 150
1 75 110
79 157 110
74 224 113
75 199 124
79 157 110
70 134 150
79 157 110
75 199 124
12 213 208
20 192 225
13 219 368
20 192 225
12 213 208
20 192 225
12 213 208
20 192 225
74 224 113
75 199 124
74 224 113
75 199 124
74 224 113
75 199 124
79 157 110
70 134 150
79 157 110
70 134 150
11 100 283
32 258 282
62 403 271
56 410 310
44 399 306
60 418 348
34 412 365
56 410 310
44 399 306
62 403 271
19 429 246
62 403 271
44 399 306
60 418 348
34 412 365
60 418 348
56 410 310
44 399 306
19 429 246
62 403 271
19 429 246
34 412 365
60 418 348
56 410 310
44 399 306
62 403 271
24 262 286
32 258 282
11 100 283
78 145 251
70 134 150
79 157 110
75 199 124
12 213 208
20 192 225
12 213 208
20 192 225
12 213 208
20 192 225
12 213 208
20 192 225
75 199 124
1 75 110
70 134 150
11 100 283
32 258 282
62 403 271
34 412 365
56 410 310
77 418 157
19 429 246
62 403 271
44 399 306
60 418 348
29 428 565
48 567 503
6 550 435
72 593 511
42 661 496
2 680 525
