1 75 110
80 146 115
5 157 103
9 131 158
80 146 115
39 221 115
51 180 147
39 221 115
49 273 105
19 271 155
36 270 150
19 271 155
36 270 150
19 271 155
49 273 105
77 308 121
63 353 127
27 338 230
52 358 268
27 338 230
63 353 127
38 350 93
54 444 117
41 407 155
35 389 275
82 408 258
35 389 275
26 429 392
71 419 477
6 406 476
17 393 448
53 392 449
17 393 448
53 392 449
71 419 477
6 406 476
67 458 532
69 498 423
68 506 439
69 498 423
68 506 439
76 487 465
68 506 439
69 498 423
68 506 439
76 487 465
79 516 501
33 537 484
60 577 497
7 635 515
2 680 525
