1 75 110
39 125 144
62 124 136
64 117 141
44 111 149
43 109 153
3 116 242
51 135 290
78 124 302
47 137 337
15 149 372
18 145 397
47 137 337
78 124 302
51 135 290
78 124 302
47 137 337
15 149 372
18 145 397
15 149 372
47 137 337
78 124 302
51 135 290
78 124 302
47 137 337
15 149 372
18 145 397
15 149 372
47 137 337
51 135 290
78 124 302
3 116 242
43 109 153
44 111 149
64 117 141
39 125 144
62 124 136
1 75 110
75 39 141
59 71 323
75 39 141
1 75 110
62 124 136
64 117 141
44 111 149
43 109 153
44 111 149
64 117 141
62 124 136
39 125 144
64 117 141
44 111 149
43 109 153
44 111 149
39 125 144
62 124 136
64 117 141
3 116 242
51 135 290
78 124 302
47 137 337
15 149 372
18 145 397
15 149 372
47 137 337
78 124 302
51 135 290
3 116 242
51 135 290
78 124 302
47 137 337
15 149 372
18 145 397
15 149 372
18 145 397
15 149 372
47 137 337
78 124 302
51 135 290
78 124 302
51 135 290
3 116 242
51 135 290
78 124 302
47 137 337
15 149 372
18 145 397
15 149 372
18 145 397
15 149 372
47 137 337
78 124 302
51 135 290
78 124 302
51 135 290
3 116 242
51 135 290
78 124 302
47 137 337
15 149 372
18 145 397
15 149 372
18 145 397
15 149 372
47 137 337
51 135 290
78 124 302
51 135 290
78 124 302
47 137 337
78 124 302
3 116 242
51 135 290
78 124 302
47 137 337
15 149 372
18 145 397
15 149 372
47 137 337
51 135 290
78 124 302
3 116 242
39 125 144
1 75 110
70 334 119
52 441 98
48 393 187
52 441 98
63 469 136
6 471 140
79 472 168
58 481 263
73 442 283
58 481 263
71 488 341
37 513 365
33 517 379
37 513 365
33 517 379
8 488 440
4 497 483
72 511 481
4 497 483
50 452 487
65 390 461
60 416 386
23 434 360
30 419 359
23 434 360
60 416 386
30 419 359
23 434 360
60 416 386
30 419 359
23 434 360
30 419 359
60 416 386
30 419 359
23 434 360
30 419 359
60 416 386
23 434 360
30 419 359
23 434 360
60 416 386
30 419 359
23 434 360
30 419 359
60 416 386
30 419 359
23 434 360
30 419 359
23 434 360
60 416 386
30 419 359
23 434 360
30 419 359
60 416 386
65 390 461
53 389 473
65 390 461
53 389 473
65 390 461
53 389 473
65 390 461
53 389 473
65 390 461
53 389 473
65 390 461
53 389 473
65 390 461
60 416 386
30 419 359
23 434 360
60 416 386
30 419 359
23 434 360
30 419 359
23 434 360
65 390 461
50 452 487
22 297 484
68 311 510
24 322 505
68 311 510
24 322 505
22 297 484
9 341 449
29 232 433
20 192 376
19 182 281
46 217 235
19 182 281
42 287 276
10 349 285
27 338 298
10 349 285
76 328 323
27 338 298
10 349 285
42 287 276
74 258 341
36 261 189
74 258 341
22 297 484
9 341 449
82 355 382
81 326 379
76 328 323
10 349 285
42 287 276
74 258 341
36 261 189
74 258 341
22 297 484
68 311 510
24 322 505
9 341 449
29 232 433
20 192 376
29 232 433
9 341 449
82 355 382
81 326 379
82 355 382
81 326 379
76 328 323
27 338 298
10 349 285
27 338 298
76 328 323
82 355 382
81 326 379
82 355 382
76 328 323
27 338 298
10 349 285
42 287 276
73 442 283
58 481 263
73 442 283
58 481 263
71 488 341
37 513 365
33 517 379
37 513 365
71 488 341
58 481 263
73 442 283
58 481 263
79 472 168
6 471 140
63 469 136
6 471 140
52 441 98
70 334 119
52 441 98
48 393 187
30 419 359
23 434 360
60 416 386
65 390 461
53 389 473
50 452 487
4 497 483
8 488 440
72 511 481
4 497 483
49 528 532
12 556 447
49 528 532
72 511 481
4 497 483
8 488 440
33 517 379
37 513 365
71 488 341
37 513 365
33 517 379
8 488 440
4 497 483
50 452 487
24 322 505
9 341 449
82 355 382
81 326 379
76 328 323
27 338 298
10 349 285
42 287 276
10 349 285
27 338 298
76 328 323
81 326 379
82 355 382
22 297 484
68 311 510
24 322 505
9 341 449
22 297 484
74 258 341
22 297 484
50 452 487
4 497 483
8 488 440
33 517 379
37 513 365
71 488 341
58 481 263
73 442 283
42 287 276
10 349 285
27 338 298
10 349 285
27 338 298
76 328 323
81 326 379
82 355 382
9 341 449
22 297 484
24 322 505
68 311 510
24 322 505
68 311 510
22 297 484
24 322 505
68 311 510
4 497 483
8 488 440
33 517 379
37 513 365
71 488 341
58 481 263
73 442 283
58 481 263
73 442 283
42 287 276
10 349 285
27 338 298
10 349 285
27 338 298
76 328 323
82 355 382
81 326 379
82 355 382
10 349 285
27 338 298
76 328 323
70 334 119
52 441 98
6 471 140
63 469 136
6 471 140
79 472 168
6 471 140
63 469 136
6 471 140
79 472 168
6 471 140
63 469 136
6 471 140
79 472 168
63 469 136
52 441 98
48 393 187
30 419 359
60 416 386
30 419 359
23 434 360
30 419 359
23 434 360
30 419 359
60 416 386
65 390 461
53 389 473
65 390 461
53 389 473
65 390 461
50 452 487
24 322 505
68 311 510
22 297 484
9 341 449
24 322 505
68 311 510
22 297 484
68 311 510
22 297 484
24 322 505
68 311 510
22 297 484
9 341 449
82 355 382
76 328 323
27 338 298
10 349 285
27 338 298
76 328 323
27 338 298
10 349 285
27 338 298
76 328 323
82 355 382
81 326 379
9 341 449
29 232 433
9 341 449
22 297 484
74 258 341
36 261 189
74 258 341
36 261 189
74 258 341
22 297 484
72 511 481
8 488 440
4 497 483
50 452 487
53 389 473
65 390 461
60 416 386
23 434 360
30 419 359
23 434 360
30 419 359
60 416 386
23 434 360
30 419 359
23 434 360
60 416 386
48 393 187
52 441 98
16 529 90
41 597 164
80 584 185
55 572 187
69 564 193
7 550 151
41 597 164
80 584 185
69 564 193
55 572 187
80 584 185
55 572 187
69 564 193
55 572 187
41 597 164
80 584 185
55 572 187
69 564 193
7 550 151
57 604 95
35 650 132
28 663 66
17 703 92
25 723 153
67 713 150
38 665 184
35 650 132
57 604 95
41 597 164
80 584 185
55 572 187
69 564 193
7 550 151
55 572 187
69 564 193
80 584 185
16 529 90
41 597 164
80 584 185
55 572 187
69 564 193
7 550 151
69 564 193
55 572 187
69 564 193
80 584 185
41 597 164
16 529 90
79 472 168
6 471 140
63 469 136
6 471 140
79 472 168
63 469 136
6 471 140
63 469 136
6 471 140
79 472 168
6 471 140
63 469 136
52 441 98
70 334 119
52 441 98
48 393 187
52 441 98
63 469 136
6 471 140
58 481 263
73 442 283
58 481 263
33 517 379
37 513 365
33 517 379
4 497 483
50 452 487
53 389 473
65 390 461
23 434 360
30 419 359
60 416 386
65 390 461
50 452 487
4 497 483
8 488 440
33 517 379
37 513 365
33 517 379
37 513 365
33 517 379
72 511 481
54 420 550
50 452 487
22 297 484
68 311 510
24 322 505
9 341 449
82 355 382
81 326 379
76 328 323
27 338 298
10 349 285
27 338 298
76 328 323
81 326 379
82 355 382
81 326 379
82 355 382
10 349 285
27 338 298
76 328 323
81 326 379
9 341 449
24 322 505
68 311 510
22 297 484
9 341 449
29 232 433
9 341 449
22 297 484
74 258 341
22 297 484
9 341 449
82 355 382
10 349 285
42 287 276
19 182 281
46 217 235
19 182 281
46 217 235
19 182 281
42 287 276
10 349 285
70 334 119
1 75 110
31 79 56
77 46 69
31 79 56
77 46 69
75 39 141
1 75 110
62 124 136
64 117 141
39 125 144
44 111 149
43 109 153
44 111 149
64 117 141
62 124 136
1 75 110
75 39 141
77 46 69
31 79 56
62 124 136
39 125 144
64 117 141
44 111 149
43 109 153
62 124 136
1 75 110
75 39 141
77 46 69
1 75 110
39 125 144
64 117 141
44 111 149
43 109 153
62 124 136
39 125 144
1 75 110
75 39 141
77 46 69
31 79 56
77 46 69
75 39 141
1 75 110
39 125 144
62 124 136
64 117 141
44 111 149
43 109 153
44 111 149
64 117 141
62 124 136
39 125 144
64 117 141
44 111 149
43 109 153
62 124 136
1 75 110
31 79 56
77 46 69
31 79 56
62 124 136
39 125 144
64 117 141
44 111 149
43 109 153
44 111 149
39 125 144
62 124 136
64 117 141
39 125 144
62 124 136
44 111 149
43 109 153
44 111 149
39 125 144
64 117 141
62 124 136
1 75 110
75 39 141
77 46 69
31 79 56
1 75 110
75 39 141
77 46 69
31 79 56
1 75 110
70 334 119
82 355 382
81 326 379
82 355 382
81 326 379
9 341 449
29 232 433
9 341 449
82 355 382
81 326 379
76 328 323
27 338 298
10 349 285
27 338 298
10 349 285
27 338 298
76 328 323
27 338 298
10 349 285
42 287 276
19 182 281
20 192 376
29 232 433
9 341 449
24 322 505
68 311 510
22 297 484
74 258 341
36 261 189
74 258 341
22 297 484
81 326 379
76 328 323
27 338 298
10 349 285
42 287 276
19 182 281
46 217 235
19 182 281
20 192 376
29 232 433
9 341 449
22 297 484
74 258 341
24 322 505
68 311 510
10 349 285
42 287 276
19 182 281
46 217 235
19 182 281
42 287 276
10 349 285
27 338 298
76 328 323
81 326 379
22 297 484
74 258 341
22 297 484
9 341 449
82 355 382
76 328 323
27 338 298
10 349 285
27 338 298
76 328 323
9 341 449
29 232 433
20 192 376
19 182 281
20 192 376
29 232 433
20 192 376
29 232 433
20 192 376
29 232 433
9 341 449
24 322 505
5 537 535
49 528 532
21 508 545
72 511 481
8 488 440
33 517 379
37 513 365
71 488 341
37 513 365
33 517 379
8 488 440
72 511 481
4 497 483
50 452 487
54 420 550
50 452 487
65 390 461
23 434 360
30 419 359
60 416 386
65 390 461
53 389 473
65 390 461
53 389 473
50 452 487
54 420 550
4 497 483
8 488 440
72 511 481
33 517 379
37 513 365
71 488 341
58 481 263
79 472 168
6 471 140
63 469 136
52 441 98
1 75 110
75 39 141
59 71 323
75 39 141
1 75 110
70 334 119
10 349 285
42 287 276
19 182 281
29 232 433
20 192 376
19 182 281
46 217 235
19 182 281
42 287 276
10 349 285
27 338 298
76 328 323
10 349 285
27 338 298
76 328 323
27 338 298
10 349 285
27 338 298
82 355 382
81 326 379
76 328 323
27 338 298
10 349 285
42 287 276
73 442 283
58 481 263
71 488 341
8 488 440
4 497 483
50 452 487
54 420 550
21 508 545
5 537 535
49 528 532
72 511 481
4 497 483
50 452 487
65 390 461
23 434 360
30 419 359
60 416 386
65 390 461
21 508 545
49 528 532
5 537 535
45 636 538
2 680 525
