1 75 110
31 145 152
57 138 171
31 145 152
57 138 171
3 103 107
75 192 126
47 319 117
15 319 157
18 344 186
65 345 222
18 344 186
47 319 117
6 393 121
52 420 185
25 429 184
52 420 185
25 429 184
52 420 185
6 393 121
7 465 123
49 469 142
7 465 123
49 469 142
8 490 204
56 499 198
8 490 204
56 499 198
8 490 204
49 469 142
7 465 123
6 393 121
25 429 184
52 420 185
25 429 184
39 416 280
54 390 365
32 401 403
37 390 411
48 426 409
41 427 367
42 432 434
46 435 460
43 384 494
78 329 467
73 317 348
29 309 471
79 268 484
40 264 482
79 268 484
40 264 482
79 268 484
29 309 471
70 211 397
81 197 360
53 201 391
70 211 397
53 201 391
81 197 360
38 208 317
81 197 360
53 201 391
70 211 397
53 201 391
81 197 360
38 208 317
81 197 360
53 201 391
70 211 397
53 201 391
81 197 360
53 201 391
70 211 397
11 147 429
34 108 330
60 126 310
76 128 258
60 126 310
34 108 330
60 126 310
34 108 330
11 147 429
80 96 402
11 147 429
53 201 391
70 211 397
81 197 360
38 208 317
81 197 360
53 201 391
11 147 429
34 108 330
60 126 310
76 128 258
57 138 171
31 145 152
3 103 107
1 75 110
35 71 86
50 61 365
35 71 86
24 63 80
62 78 47
3 103 107
1 75 110
31 145 152
57 138 171
3 103 107
75 192 126
47 319 117
15 319 157
18 344 186
65 345 222
18 344 186
15 319 157
47 319 117
6 393 121
52 420 185
25 429 184
39 416 280
6 393 121
7 465 123
49 469 142
7 465 123
8 490 204
56 499 198
8 490 204
56 499 198
8 490 204
49 469 142
7 465 123
49 469 142
7 465 123
47 319 117
15 319 157
18 344 186
65 345 222
18 344 186
15 319 157
47 319 117
6 393 121
52 420 185
25 429 184
54 390 365
32 401 403
37 390 411
48 426 409
41 427 367
42 432 434
46 435 460
43 384 494
78 329 467
29 309 471
79 268 484
61 271 301
55 275 185
19 272 230
61 271 301
19 272 230
55 275 185
19 272 230
61 271 301
19 272 230
55 275 185
19 272 230
79 268 484
29 309 471
78 329 467
73 317 348
65 345 222
18 344 186
47 319 117
75 192 126
1 75 110
35 71 86
24 63 80
1 75 110
35 71 86
62 78 47
24 63 80
35 71 86
1 75 110
3 103 107
31 145 152
57 138 171
76 128 258
60 126 310
34 108 330
11 147 429
53 201 391
81 197 360
38 208 317
70 211 397
53 201 391
11 147 429
80 96 402
11 147 429
70 211 397
29 309 471
4 297 503
79 268 484
40 264 482
29 309 471
73 317 348
78 329 467
29 309 471
79 268 484
40 264 482
4 297 503
78 329 467
29 309 471
43 384 494
37 390 411
32 401 403
37 390 411
54 390 365
41 427 367
32 401 403
37 390 411
48 426 409
42 432 434
46 435 460
42 432 434
48 426 409
41 427 367
48 426 409
42 432 434
46 435 460
42 432 434
48 426 409
32 401 403
37 390 411
32 401 403
43 384 494
74 460 490
82 546 493
16 471 453
82 546 493
74 460 490
82 546 493
16 471 453
66 510 364
30 496 380
66 510 364
72 516 312
56 499 198
8 490 204
49 469 142
7 465 123
27 581 94
13 590 141
27 581 94
75 192 126
47 319 117
15 319 157
18 344 186
65 345 222
73 317 348
78 329 467
29 309 471
4 297 503
79 268 484
40 264 482
61 271 301
19 272 230
55 275 185
19 272 230
61 271 301
55 275 185
19 272 230
55 275 185
19 272 230
61 271 301
55 275 185
19 272 230
55 275 185
19 272 230
55 275 185
19 272 230
55 275 185
19 272 230
55 275 185
19 272 230
61 271 301
4 297 503
20 367 514
43 384 494
46 435 460
42 432 434
48 426 409
37 390 411
32 401 403
54 390 365
41 427 367
54 390 365
32 401 403
37 390 411
32 401 403
54 390 365
41 427 367
48 426 409
32 401 403
37 390 411
42 432 434
46 435 460
43 384 494
20 367 514
78 329 467
29 309 471
4 297 503
79 268 484
40 264 482
79 268 484
4 297 503
20 367 514
43 384 494
17 480 560
36 442 567
16 471 453
30 496 380
66 510 364
72 516 312
66 510 364
30 496 380
16 471 453
82 546 493
9 571 482
21 599 465
44 604 531
2 680 525
