261 369
376 364
415 283
291 468
85 469
189 337
372 356
191 450
207 460
35 413
32 177
9 359
149 19
203 389
104 488
427 21
478 489
376 363
84 476
255 437
495 101
469 418
153 424
268 73
390 117
393 224
482 121
169 98
237 489
453 36
16 304
202 6
241 330
265 316
34 270
199 381
60 208
246 226
9 229
150 11
473 380
479 472
381 402
259 125
218 419
22 25
218 463
31 301
464 181
360 447
178 30
304 461
271 57
195 17
352 493
6 51
390 184
164 289
389 489
381 167
44 137
41 143
107 307
244 421
389 75
91 268
383 48
122 476
425 11
280 491
170 107
176 348
159 142
476 168
36 47
