157 64
20 437
269 193
52 263
173 18
142 28
174 377
243 179
91 279
446 287
181 466
151 306
28 335
62 198
488 97
205 417
118 16
84 485
490 92
270 274
80 451
239 314
483 407
398 21
464 260
47 81
51 230
490 102
430 35
278 436
273 123
256 468
170 15
44 6
42 186
46 491
482 278
176 475
253 185
174 495
167 151
169 296
389 202
245 422
186 443
67 230
151 422
317 457
162 77
472 268
247 175
246 84
84 292
155 317
437 68
269 102
470 493
479 238
202 379
479 21
39 494
469 75
476 121
243 131
161 415
41 204
493 135
54 98
415 59
121 470
57 209
178 294
19 202
245 202
328 448
