398 53
235 27
20 440
485 370
384 318
389 14
491 464
467 457
278 425
240 479
391 201
492 461
164 377
81 489
40 68
299 483
92 229
461 280
469 63
96 297
268 31
201 482
477 262
42 117
380 480
390 89
227 485
492 475
393 98
487 490
393 18
18 6
493 367
281 481
23 269
77 171
156 290
140 183
492 146
407 16
228 490
185 386
47 302
168 380
161 403
72 463
398 30
274 437
170 32
158 178
142 178
434 278
242 319
215 344
486 233
61 199
488 212
43 130
448 12
375 259
159 165
465 491
174 345
382 137
58 19
260 203
16 396
394 77
241 19
119 16
115 191
262 368
464 313
19 12
482 188
