367 212
381 278
483 325
224 366
108 302
171 399
174 451
51 76
50 122
39 262
155 90
9 477
86 218
59 284
32 38
36 99
451 293
465 456
201 9
50 202
14 36
56 85
92 195
467 229
25 440
477 182
112 24
89 263
469 76
471 390
89 183
393 80
193 418
313 490
389 286
157 295
173 340
472 479
314 471
493 100
33 478
222 456
148 382
490 42
392 53
271 384
140 183
50 216
384 25
390 134
378 123
135 165
293 448
186 453
437 295
103 24
174 494
385 387
255 452
259 395
121 480
376 233
75 492
375 287
194 445
41 262
18 471
270 184
450 287
148 454
232 347
200 289
257 462
486 190
485 332
