367 326
271 275
489 160
414 299
90 254
18 165
20 126
469 289
370 70
485 421
343 476
337 471
352 465
76 258
486 79
64 166
462 160
298 418
464 433
473 250
464 119
386 344
386 448
486 76
444 44
19 387
367 24
382 127
163 313
9 286
234 20
490 151
174 420
491 432
457 85
362 421
125 18
30 318
35 461
425 41
266 46
269 446
244 424
195 461
142 470
117 467
47 82
36 198
152 297
397 24
367 318
163 26
475 66
214 335
426 18
473 470
332 458
82 306
146 488
244 12
383 75
243 89
21 50
421 6
491 282
262 289
450 282
368 53
464 236
262 332
382 314
44 274
8 461
38 60
374 111
