30 272
266 211
167 48
382 374
252 201
174 306
261 239
392 83
48 456
181 291
193 450
271 373
226 368
15 482
394 395
273 122
377 360
375 175
481 384
207 421
372 375
71 483
170 89
268 30
241 383
464 21
388 488
57 52
253 468
6 339
377 34
133 470
368 179
473 330
17 63
208 418
242 373
150 175
389 115
381 436
14 443
229 468
250 448
480 136
242 305
42 234
196 305
139 453
462 67
19 16
368 276
249 142
359 470
208 8
454 55
161 133
70 268
382 229
199 6
227 495
17 141
315 438
231 373
199 381
245 46
27 184
271 361
255 475
61 187
320 470
35 161
193 356
72 481
168 144
146 170
