140 393
20 370
249 282
341 487
131 294
226 426
467 171
42 119
257 299
15 59
216 478
20 40
40 184
132 465
391 177
210 443
403 62
390 23
178 411
485 217
24 207
281 448
309 430
453 70
495 270
17 468
146 459
48 193
259 33
37 488
167 419
468 481
10 139
368 207
139 186
313 437
200 320
266 134
236 494
161 386
104 292
440 286
270 160
249 251
230 423
177 464
24 295
470 205
11 130
117 8
386 197
238 471
401 52
249 427
51 266
269 288
381 326
480 370
261 80
387 481
422 292
256 74
76 179
204 459
471 220
258 427
129 7
252 13
31 80
114 14
402 37
166 351
299 450
50 278
464 277
