463 176
440 300
467 289
45 468
379 56
259 143
199 445
131 169
217 9
248 190
179 488
255 136
219 309
246 219
137 182
269 285
132 164
171 321
431 26
284 424
188 495
491 45
479 388
480 113
480 388
168 433
410 280
481 302
371 482
45 57
462 103
58 461
471 314
34 469
78 224
11 161
404 11
383 421
243 29
154 343
140 472
108 184
263 108
263 171
186 468
428 276
307 468
187 445
63 10
11 429
244 428
68 266
375 242
259 389
76 283
368 18
11 305
462 134
379 305
206 296
491 484
482 119
481 168
362 422
336 430
382 227
482 89
161 113
245 130
494 300
345 418
258 185
300 473
377 276
264 143
