160 362
250 368
462 52
243 482
224 332
58 252
473 397
173 335
386 320
458 296
63 283
56 462
218 22
269 445
390 23
56 257
165 80
49 294
42 293
491 430
218 457
101 448
232 466
145 23
271 11
390 87
63 470
76 242
58 260
341 452
200 407
40 462
7 56
86 220
71 246
221 416
85 485
248 457
381 308
183 354
379 51
209 393
208 407
251 329
142 22
233 407
8 190
261 298
489 423
490 279
231 308
161 384
227 495
148 378
214 406
154 487
336 436
283 437
249 313
237 416
205 443
261 351
253 263
268 24
262 53
113 471
393 269
25 234
374 33
391 39
382 420
157 61
403 23
388 105
291 475
