492 225
231 25
6 367
37 232
171 437
320 459
166 34
219 10
458 12
327 483
31 317
451 42
224 325
225 340
154 98
248 411
478 340
437 35
477 236
207 432
353 439
479 6
20 135
424 286
248 342
137 192
245 251
62 487
441 42
26 305
199 405
479 378
337 436
22 117
236 399
117 20
107 9
41 227
374 178
369 473
208 318
12 426
470 129
345 487
260 99
480 270
479 483
181 376
451 18
40 325
270 369
477 23
165 345
39 113
378 232
379 50
390 232
208 376
256 295
463 136
16 444
220 295
10 29
34 380
214 397
241 9
22 309
172 332
161 410
129 297
387 18
254 260
223 337
157 118
209 354
