227 287
209 348
156 53
180 286
35 78
374 24
9 374
254 483
147 455
154 439
489 324
36 109
15 67
195 486
106 172
205 305
373 203
368 38
239 493
167 136
209 396
386 430
158 393
249 189
76 253
472 377
251 123
262 13
384 56
382 428
370 13
375 379
35 177
160 302
240 314
494 423
150 319
224 289
462 225
175 427
343 465
272 396
170 460
51 187
314 456
47 218
229 410
244 358
9 94
470 282
253 108
246 29
250 290
401 283
33 167
463 493
241 30
266 407
92 245
297 433
29 325
48 148
371 285
226 466
394 432
9 101
306 429
164 341
255 51
25 22
62 9
105 307
214 426
217 426
336 438
164 12
266 154
242 10
461 138
27 116
495 17
190 290
381 143
14 224
329 428
23 364
366 421
302 449
404 44
180 331
