53 283
22 452
224 494
156 14
264 369
143 462
370 116
371 468
169 180
39 17
435 63
381 354
237 402
39 14
384 96
8 7
169 361
463 275
259 348
175 492
378 277
235 487
128 482
213 440
136 306
93 450
21 83
7 347
90 191
21 252
41 43
26 333
41 153
41 395
241 450
154 343
116 163
190 376
14 401
168 449
229 306
55 470
216 16
98 487
269 197
186 322
26 11
174 348
378 253
382 307
129 480
256 247
25 435
381 104
35 233
479 167
490 285
491 481
266 395
189 424
266 141
130 289
251 6
51 306
472 360
487 107
227 444
465 195
493 58
42 265
6 135
372 247
167 88
89 171
6 189
469 329
167 290
174 12
29 224
229 390
382 114
109 176
53 88
38 291
14 411
12 9
32 308
383 435
382 209
273 312
