80 448
280 439
87 225
207 290
384 316
109 304
472 287
346 441
34 37
43 56
32 493
48 165
18 70
392 190
220 470
257 33
486 319
253 284
481 90
85 456
49 67
392 244
493 298
478 60
369 338
209 344
161 84
388 355
195 299
372 171
431 38
438 275
462 150
490 36
130 305
419 75
267 58
384 485
376 96
6 413
58 263
474 430
464 73
12 273
199 354
38 80
31 164
469 171
396 289
20 388
76 15
485 431
464 417
236 295
208 483
12 25
17 162
212 362
69 175
141 483
379 14
72 482
443 70
257 247
442 84
239 445
379 480
20 96
253 367
360 435
149 20
144 21
463 450
419 48
199 337
157 367
181 492
257 416
483 412
468 434
480 246
379 57
382 453
256 458
21 48
248 153
75 456
258 449
40 402
47 268
