268 344
322 422
328 438
492 116
108 452
463 323
153 172
464 366
422 11
96 14
188 402
251 290
88 240
50 226
252 75
372 204
267 214
487 175
38 120
228 323
77 6
156 175
377 265
390 126
220 23
273 61
40 457
257 95
9 29
377 233
239 455
443 77
495 116
78 183
268 71
31 470
129 289
379 39
282 442
133 190
131 6
6 82
394 31
401 28
13 420
91 474
47 214
19 87
259 482
380 379
205 306
57 225
311 457
65 264
392 415
112 477
473 354
369 296
454 9
319 426
465 97
276 463
440 56
78 195
93 205
34 48
6 350
165 469
468 269
400 31
485 112
165 9
376 192
130 488
233 314
115 14
428 276
494 244
34 127
449 280
381 383
9 179
238 382
155 348
37 96
283 482
216 370
161 42
17 94
21 95
