392 10
52 221
475 22
186 315
384 229
476 449
88 273
13 192
308 490
486 383
368 194
136 177
367 111
479 443
98 481
263 373
373 479
247 415
399 84
226 495
207 412
339 472
484 278
415 15
190 327
474 397
97 25
368 53
489 235
32 19
33 194
185 468
488 463
146 493
360 464
18 423
14 51
494 146
252 315
412 28
168 448
265 110
249 47
185 452
183 383
371 137
224 459
147 181
477 488
301 452
124 303
320 446
240 375
199 432
197 308
89 492
134 467
38 417
183 297
471 87
249 312
432 8
19 367
244 84
495 29
112 20
388 375
27 453
12 8
259 426
270 336
74 458
11 125
223 395
204 460
387 290
282 421
460 34
51 283
472 216
476 268
344 416
249 259
265 441
261 255
77 212
142 345
377 290
194 480
272 440
