270 377
465 317
55 87
214 324
385 327
167 49
111 170
374 60
466 350
33 126
189 29
124 12
242 373
10 118
468 154
77 450
89 6
478 260
32 63
235 434
269 350
23 81
69 184
23 468
260 46
171 332
167 13
261 238
7 187
300 432
190 435
54 197
451 11
205 369
261 59
41 11
230 309
258 481
477 7
151 442
450 69
172 372
290 481
53 99
373 9
490 440
393 474
216 349
24 17
142 435
491 57
242 365
178 370
205 487
181 387
8 362
258 222
494 455
44 219
488 87
468 492
387 195
259 102
56 155
351 466
40 16
263 469
264 240
38 259
42 322
243 282
468 274
14 82
157 40
475 327
17 402
160 146
264 425
467 83
441 42
253 348
71 449
48 45
251 461
383 391
442 72
494 250
72 250
468 153
477 430
