386 472
14 338
346 492
383 299
208 354
340 426
268 146
486 230
489 381
170 183
262 360
387 29
127 20
367 356
418 74
392 302
58 20
132 489
478 387
381 184
370 213
15 290
248 488
391 101
481 112
6 377
229 310
100 15
216 367
10 90
32 354
160 461
479 233
415 28
474 381
48 275
439 25
214 399
182 416
494 234
52 55
271 287
7 319
385 8
168 386
491 360
213 335
390 221
464 475
271 146
489 279
26 75
155 110
198 411
25 297
25 299
31 426
448 79
10 287
55 455
249 308
491 327
264 57
376 83
452 46
118 476
176 458
76 466
159 176
62 492
45 133
329 460
262 28
23 306
155 80
31 179
149 338
331 484
69 279
22 122
367 21
152 376
221 327
52 95
56 261
266 112
260 331
14 251
444 278
476 308
