416 286
10 158
483 113
388 81
385 110
257 284
267 382
251 373
355 460
82 477
254 120
199 329
7 404
384 344
151 307
13 134
152 376
268 407
18 420
379 430
83 283
384 222
11 313
36 207
41 231
429 76
81 259
147 8
81 227
165 476
207 454
64 258
379 15
160 438
227 391
379 85
457 83
156 35
110 299
9 410
158 339
93 247
468 326
269 415
43 25
259 439
70 225
477 83
86 302
479 305
222 24
460 71
273 290
93 170
475 18
399 10
374 30
47 471
157 387
101 307
253 404
73 212
46 250
359 457
256 252
426 289
199 483
489 305
26 311
378 378
56 61
479 59
232 486
88 10
129 484
454 287
205 336
221 373
142 460
384 261
149 8
43 87
370 128
373 433
390 7
400 301
446 52
378 68
402 297
264 130
