6 76
127 308
390 262
465 53
25 65
356 451
229 315
273 427
195 364
470 434
244 206
161 486
7 257
35 37
178 24
252 70
6 72
336 440
264 82
270 226
479 7
155 403
381 64
267 258
461 151
180 351
12 112
178 436
227 451
188 471
24 196
371 145
493 346
394 40
490 216
44 203
15 90
366 422
368 248
370 451
389 216
251 305
234 13
264 67
223 422
416 12
52 462
175 427
330 435
11 207
483 352
253 146
118 293
486 109
478 262
240 459
485 240
64 23
163 488
394 59
250 461
467 223
230 439
132 477
166 25
59 448
8 392
163 358
271 157
102 289
238 431
476 194
386 65
469 104
272 282
61 275
481 188
486 451
383 493
383 83
37 248
86 478
65 276
371 232
185 14
458 73
132 305
27 482
54 288
182 309
