249 160
154 300
420 300
23 337
260 171
489 178
115 21
115 29
51 246
388 453
233 337
495 62
468 67
479 88
83 223
260 247
135 474
435 56
459 81
29 397
314 453
416 56
290 466
350 456
264 115
189 383
254 35
40 61
270 294
153 304
226 426
15 247
241 479
44 280
448 64
205 447
246 172
139 187
26 287
424 33
46 58
207 329
466 67
180 446
140 433
100 452
475 212
377 401
249 203
221 382
43 84
378 448
409 35
189 452
382 335
37 151
265 460
214 326
22 487
245 459
187 347
50 186
345 477
25 106
148 312
187 418
387 438
472 17
374 167
253 180
371 404
344 476
38 285
289 494
8 155
120 287
214 379
387 169
46 271
245 470
33 310
22 438
191 304
481 140
29 380
326 444
20 337
52 127
405 38
245 7
